  1.4296643958246191e+001
  1.7588021943065737e+000
  6.1770659957290697e-001
  2.5724214534917383e-001
  1.2406474160198011e-001
  6.0859405664548526e-002
  3.1838322999682311e-002
  1.6886953541975960e-002
  9.3854798603172362e-003
  5.2493055599087670e-003
  3.0645959774496193e-003
  1.7690607633345475e-003
  1.0708389165740352e-003
  6.4591589035278135e-004
  4.0631048598734927e-004
  2.5611246618504414e-004
  1.6541943456626064e-004
  1.0819853826281802e-004
  1.4296643958246191e+001
  1.1982186449022028e+000
  3.3435176630716212e-001
  9.5550426056008053e-002
  4.2694273605834672e-002
  1.7008185848682151e-002
  6.8980225812190644e-003
  2.9332906877306765e-003
  1.2833270598128998e-003
  5.3163088144139758e-004
  2.2089609501121802e-004
  9.2928794085960062e-005
  1.4296643958246191e+001
  8.3182155829041893e-001
  1.5733705792250904e-001
  3.1779598852365802e-002
  1.1022735789506998e-002
  2.9474952288958867e-003
  1.1604593282223581e-003
  3.0250202811597001e-004
  1.1410024619469052e-004
  1.4296643958246191e+001
  1.7588021943065737e+000
  6.2973580562931608e-001
  3.2261158416625996e-001
  1.6603078143289043e-001
  9.5796503861373686e-002
  5.3991463246259905e-002
  3.1871970751283570e-002
  1.8842585393456030e-002
  1.1505011026688826e-002
  7.1249497976579920e-003
  4.5396618961466720e-003
  2.9374637152431390e-003
  1.9483180749871442e-003
  1.3087513813909428e-003
  8.9728982797975215e-004
  6.2138482761935315e-004
  4.3723651569992528e-004
  3.1018384537910950e-004
  2.2263414381709849e-004
  1.6084470411055902e-004
  1.1713825018347950e-004
  1.4296643958246191e+001
  1.1982186449022028e+000
  3.3305545758393323e-001
  9.8129159836653684e-002
  3.7626010769867380e-002
  1.0604591076240217e-002
  2.9272184130504160e-003
  9.3671599246781352e-004
  2.7750448109287710e-004
  1.0097445068179790e-004
  1.4296643958246191e+001
  8.3182155829041893e-001
  1.6035202647961372e-001
  4.6979833653894770e-002
  9.4101936307359121e-003
  1.2865679045728402e-003
  2.3472449719218517e-004
  4.4245330063192199e-005
  5.6922017398630585e-002
  5.3305804922223782e-002
  5.3810212791939670e-002
  5.2498976390754772e-002
  4.5587686124972361e-002
  4.6041145184346551e-002
  4.4023627721423493e-002
  4.0664005415282756e-002
  4.0328229936020261e-002
  3.8013531100671377e-002
  3.4711321324473403e-002
  3.4713051828364996e-002
  3.1827495667100039e-002
  3.1476106776880168e-002
  3.0748949185136869e-002
  3.0284450023414067e-002
  2.9771645350448989e-002
  2.7855811816019611e-002
  2.5842162157895508e-002
  2.5309497925970179e-002
  2.3697805214378746e-002
  2.2855409638710932e-002
  2.1291416343944523e-002
  2.0815284732191398e-002
  1.7748750858960018e-002
  1.7835854435947578e-002
  1.7833116203769941e-002
  1.6867059773497214e-002
  1.6797356461130300e-002
  1.6495229706446922e-002
  1.6074461473393819e-002
  1.4889896820360585e-002
  1.5140181362838012e-002
  1.4683876011748824e-002
  1.3013599061433690e-002
  1.3156006898700506e-002
  1.2562356729796432e-002
  1.1672918376993024e-002
  1.1578081095443065e-002
  1.1086944135136102e-002
  1.0067522181938690e-002
  1.0068171872093872e-002
  9.3844989724381610e-003
  9.2977547942479366e-003
  9.1978153300195653e-003
  9.0386713051042889e-003
  8.9900536805111054e-003
  8.1768166656539260e-003
  7.7540609979006320e-003
  7.6699353434864529e-003
  7.0941616086970258e-003
  6.8468199963808742e-003
  6.4480431032239698e-003
  6.3493829203120850e-003
  5.5416737614742990e-003
  5.5602460324689707e-003
  5.5598396466024561e-003
  5.2449513133210768e-003
  5.2340023716769997e-003
  5.1632762760371121e-003
  5.0775387931603086e-003
  4.6049614750793364e-003
  4.6823592441624009e-003
  4.4909575059079573e-003
  4.0525149879507205e-003
  4.0657252868742449e-003
  3.9067285201260316e-003
  3.6837029557476660e-003
  3.6586944921644005e-003
  3.5521085913086969e-003
  3.2470583039279667e-003
  3.2472160881875638e-003
  3.0644840446737470e-003
  3.0447263375859446e-003
  3.0360328747273918e-003
  2.9770987527715032e-003
  2.9744418033878493e-003
  2.6054753443324535e-003
  2.5030606234942485e-003
  2.4816305927115147e-003
  2.3029526654761204e-003
  2.2319130476095559e-003
  2.1342565106280123e-003
  2.1151790761921338e-003
  1.9021078200600759e-003
  1.9063497806428254e-003
  1.9061087230912116e-003
  1.7681389988363854e-003
  1.7664684168094162e-003
  1.7512731266753653e-003
  1.7251724260520251e-003
  1.5266592397823486e-003
  1.5404598406846930e-003
  1.4569637714294437e-003
  1.3347295942670622e-003
  1.3329493419054143e-003
  1.2972935317179764e-003
  1.2424480774495925e-003
  1.2353141279824260e-003
  1.2129699609535426e-003
  1.1230624125454067e-003
  1.1230763377654334e-003
  1.0708208480158668e-003
  1.0668142568930413e-003
  1.0665498350541701e-003
  1.0415878927509835e-003
  1.0407690164396287e-003
  8.8647553512321371e-004
  8.5715523052142439e-004
  8.5136070667873019e-004
  8.0486140783677935e-004
  7.8540208417839997e-004
  7.6369191684048032e-004
  7.6037163442187780e-004
  7.0315256758267852e-004
  7.0395616521144982e-004
  7.0386371127698446e-004
  6.4574495007422097e-004
  6.4550772272658628e-004
  6.4206041317534177e-004
  6.3209326733610152e-004
  5.3302527414810007e-004
  5.4088568870604332e-004
  5.1156390436000554e-004
  4.8280040407130845e-004
  4.8150318434001920e-004
  4.7432021966955335e-004
  4.6160044532205923e-004
  4.5937356018613609e-004
  4.5513656939988084e-004
  4.2959561617385506e-004
  4.2959572495185696e-004
  4.0630679221070643e-004
  4.0554349597756828e-004
  4.0563775069674059e-004
  3.9428517860654939e-004
  3.9374183001663303e-004
  3.2643185207956475e-004
  3.1699629043539595e-004
  3.1555862703483970e-004
  3.0354633532701970e-004
  2.9924267722424149e-004
  2.9474155456791145e-004
  2.9413249633486102e-004
  2.7902381332654163e-004
  2.7917483232212738e-004
  2.7914926350190798e-004
  2.5608403344368484e-004
  2.5603790641856930e-004
  2.5505520166786564e-004
  2.5127323551208828e-004
  2.0137775543703810e-004
  2.0200181428061691e-004
  1.9322303085808843e-004
  1.8631859835599172e-004
  1.8605756399271117e-004
  1.8446261656315005e-004
  1.8151882471600174e-004
  1.8098988267695038e-004
  1.8013647530951512e-004
  1.7281308990004378e-004
  1.7281254174877835e-004
  1.6541889479865216e-004
  1.6529563096954894e-004
  1.6532790378784515e-004
  1.6156329640516415e-004
  1.6058149170801339e-004
  1.2935412841621764e-004
  1.2630829142774988e-004
  1.2593838809629796e-004
  1.2307524824238398e-004
  1.2216613013039745e-004
  1.2127464329223847e-004
  1.2114533470664479e-004
  1.1702382562079136e-004
  1.1705400028775091e-004
  1.1705033792870817e-004
  1.4296643958246191e+001
  1.3726379281596035e+001
  1.3396137788979743e+001
  1.3033263105494214e+001
  1.2377939428933889e+001
  1.1767579670114204e+001
  1.1052941390505712e+001
  1.0084802915096132e+001
  9.4497434430922329e+000
  9.1349548811385510e+000
  8.3390458993802312e+000
  7.7578137865568362e+000
  6.4864081612196554e+000
  5.5833523533792446e+000
  4.6529118434071046e+000
  1.8926292484220915e+000
  1.8926292484220915e+000
  1.8965660274931175e+000
  1.8405634035599805e+000
  1.8328820470074589e+000
  1.7713296454460070e+000
  1.6385342288953419e+000
  1.6318916519569435e+000
  1.5900237935271602e+000
  1.5374611324019036e+000
  1.5353142002358877e+000
  1.4696453991660539e+000
  1.3836690431518914e+000
  1.3367334429164834e+000
  1.2369816279397212e+000
  1.2286784424302175e+000
  1.1727051437383462e+000
  1.1345169227672844e+000
  1.0860512859807532e+000
  1.0061661634573513e+000
  9.6456662570947882e-001
  8.7998613184640062e-001
  7.8682110794339266e-001
  7.0727900924676890e-001
  6.9864505153717715e-001
  6.4774440830351054e-001
  5.8797312184484873e-001
  5.4938787935110645e-001
  5.1035987117468851e-001
  5.0036233379081985e-001
  5.0064500212203045e-001
  5.0064500212203045e-001
  5.0009340562582016e-001
  5.0554885861681609e-001
  4.9472752629946787e-001
  4.8297250875129083e-001
  4.6937916318825984e-001
  4.5335328165370925e-001
  4.2332898333123486e-001
  4.0599101132483983e-001
  4.0360585684549760e-001
  3.9472759160828591e-001
  3.7678160847144371e-001
  3.7098773525145201e-001
  3.6665686533624814e-001
  3.6610699430105592e-001
  3.3350918758412001e-001
  3.2812013116463973e-001
  3.0661620268950535e-001
  3.0091164159724687e-001
  2.6328954978132235e-001
  2.3558457706754049e-001
  2.1753089421037855e-001
  2.0826268605300247e-001
  2.0025647962745510e-001
  1.9004935774495654e-001
  1.8789846247048883e-001
  1.8198167129233814e-001
  1.7934887386208118e-001
  1.7887986229031666e-001
  1.7886613566364679e-001
  1.7886613566364679e-001
  1.7908152747639203e-001
  1.7676513740108035e-001
  1.7429215637689591e-001
  1.7205636015672798e-001
  1.4161695753141365e-001
  1.3442543817491540e-001
  1.2841781586201201e-001
  1.2360725767336510e-001
  1.2291989682810497e-001
  1.1941608065047191e-001
  1.1869238651095597e-001
  1.1741768853413852e-001
  1.1606236808580660e-001
  1.1606224538028692e-001
  9.5142343707427343e-002
  9.1475867406613287e-002
  9.0704670354084888e-002
  8.3841643865367119e-002
  7.9358156100557076e-002
  6.8806775578721349e-002
  6.3988516027094641e-002
  6.1080473253620322e-002
  5.6897327638089377e-002
  5.6400004025843838e-002
  5.5193648234381908e-002
  5.4152724363910762e-002
  5.3564248355005804e-002
  5.3412641389817349e-002
  5.3412549786414028e-002
  5.3412549786414028e-002
  5.3285269528144913e-002
  5.3217026828094156e-002
  5.2864959841449684e-002
  5.0570826179368408e-002
  4.9253729852833730e-002
  4.8650134718403404e-002
  4.7854695447053758e-002
  4.6999526516825117e-002
  4.6780463447817770e-002
  4.6610498357883293e-002
  4.6383522125877145e-002
  4.6139402302380755e-002
  4.5919111185155181e-002
  4.5918556825666514e-002
  4.2670301979867993e-002
  4.2641018493913871e-002
  4.1795226274455068e-002
  4.0739323155794628e-002
  3.3639692228671941e-002
  3.1350658434504575e-002
  3.0847574202885045e-002
  2.8249687087249065e-002
  2.8037566955695380e-002
  2.7929539367315511e-002
  2.7889974962884263e-002
  2.7806399849921507e-002
  2.7669512776490122e-002
  2.7653567518588312e-002
  2.7653537666784640e-002
  2.7653537666784640e-002
  2.7661712538103515e-002
  2.7657532966997890e-002
  2.7229196125367783e-002
  2.6942280646412145e-002
  2.3145225945785528e-002
  2.2837793626631079e-002
  2.2686076443474906e-002
  2.1617315837256106e-002
  2.1562891281185572e-002
  2.1508281858552723e-002
  2.1499794659393934e-002
  2.1486874883774449e-002
  2.1437128248348057e-002
  2.1437128897874875e-002
  1.7006287904459780e-002
  1.6734381364943856e-002
  1.6710980777038611e-002
  1.5498074125746993e-002
  1.2498228261680214e-002
  1.1285616335931465e-002
  1.0223369968125772e-002
  9.7334134703884675e-003
  9.7251661973155098e-003
  9.6889384725349827e-003
  9.6814590756972175e-003
  9.6600243784090850e-003
  9.6289687455589218e-003
  9.6275358318953681e-003
  9.6275258897237891e-003
  9.6275258897237891e-003
  9.6247231484943140e-003
  9.4611132440242818e-003
  9.4200890823540814e-003
  9.2153904050269828e-003
  8.0866619808683312e-003
  7.9126527987563363e-003
  7.7608341359728860e-003
  7.6025124104659517e-003
  7.5876404104746583e-003
  7.5811888389773451e-003
  7.5785958050424750e-003
  7.5768349547112798e-003
  7.5688255594836447e-003
  7.5688174933407574e-003
  6.8915383057525457e-003
  6.8860626635873327e-003
  6.8332512411842083e-003
  6.5273194040870184e-003
  5.4121537453116200e-003
  4.5962160419802892e-003
  4.4795176436399735e-003
  4.4146292312651405e-003
  4.3493841455826930e-003
  4.3437234826026990e-003
  4.3401023569645623e-003
  4.3364356504449102e-003
  4.3331680107848089e-003
  4.3326995139497584e-003
  4.3326989489439940e-003
  4.3326989489439940e-003
  4.3307765969757446e-003
  4.3299508025626083e-003
  4.3096783663220265e-003
  4.2699231035126699e-003
  3.7762955901063928e-003
  3.6840506691564450e-003
  3.6489733405101034e-003
  3.6233008083831589e-003
  3.6209568667715918e-003
  3.6190416044091160e-003
  3.6176536534413715e-003
  3.6173930936069148e-003
  3.6163288043498543e-003
  3.6163287827332604e-003
  2.9332607052615848e-003
  2.9166286447153316e-003
  2.8766228244085806e-003
  2.6960131127009507e-003
  2.1409945216928536e-003
  1.9149296837973145e-003
  1.8530546589577608e-003
  1.8073505781694369e-003
  1.7772692002313614e-003
  1.7760510654547955e-003
  1.7747777845606169e-003
  1.7743683605618871e-003
  1.7736457129552045e-003
  1.7735320187069140e-003
  1.7735315452083987e-003
  1.7735315452083987e-003
  1.7734815775668823e-003
  1.7663461515954504e-003
  1.7491843968294402e-003
  1.7101642478962121e-003
  1.4625622647040733e-003
  1.4586225947105342e-003
  1.4503712167910859e-003
  1.4375048213712527e-003
  1.4375550936016892e-003
  1.4374201382508262e-003
  1.4372073939840370e-003
  1.4372029407442258e-003
  1.4370088053942043e-003
  1.4370088019786643e-003
  1.2807579538884107e-003
  1.2755377860700541e-003
  1.2606038580294746e-003
  1.2094336938906082e-003
  9.6299308822862166e-004
  8.4251242473917614e-004
  8.1924325062052833e-004
  8.0152728270732360e-004
  7.9688022553080619e-004
  7.9624921033961233e-004
  7.9616994831137268e-004
  7.9608052053746449e-004
  7.9593617687154878e-004
  7.9593028162296814e-004
  7.9593020201165635e-004
  7.9593020201165635e-004
  7.9532622747200267e-004
  7.9320607595850291e-004
  7.8543582952407271e-004
  7.7576795780523445e-004
  6.8089542676929226e-004
  6.7318662354219096e-004
  6.6932501669795066e-004
  6.6121058757543749e-004
  6.6106893505864684e-004
  6.6097381479534917e-004
  6.6090446348178705e-004
  6.6089415522306019e-004
  6.6083831825613094e-004
  6.6083832408554775e-004
  5.3161314704050706e-004
  5.3051428908111207e-004
  5.2032341815764257e-004
  4.9605437175928449e-004
  3.6753575597377576e-004
  3.4464040902869785e-004
  3.3165638523561592e-004
  3.2597818217909466e-004
  3.2400228704091165e-004
  3.2407453770424098e-004
  3.2407355506918254e-004
  3.2404132395768984e-004
  3.2401568721610697e-004
  3.2401617277546852e-004
  3.2401612323500981e-004
  3.2401612323500981e-004
  3.2399768662341131e-004
  3.2312433715107018e-004
  3.1911129334036818e-004
  3.1599200342126530e-004
  2.5710144451467418e-004
  2.5254264316184433e-004
  2.5055911729908594e-004
  2.4895691758295232e-004
  2.4882311624858385e-004
  2.4881984035748526e-004
  2.4881933509977069e-004
  2.4881672870051308e-004
  2.4880828389441611e-004
  2.4880828998708230e-004
  2.2062177769046894e-004
  2.1899326352269001e-004
  2.1348779383862569e-004
  2.0617904408148677e-004
  1.6428317917543337e-004
  1.4123015016777616e-004
  1.3794414736056402e-004
  1.3675583610035224e-004
  1.3613889898095099e-004
  1.3611771158811964e-004
  1.3611238942506842e-004
  1.3610868068567587e-004
  1.3610566488646674e-004
  1.3610519310575727e-004
  1.3610518945627895e-004
  1.3610518945627895e-004
  1.3593251065238581e-004
  1.3528531158562364e-004
  1.3330148298842148e-004
  1.3228937783689093e-004
  1.1649984997050518e-004
  1.1467523621219943e-004
  1.1429121944682994e-004
  1.1372800531095103e-004
  1.1371899547364920e-004
  1.1371703121793814e-004
  1.1371535850043418e-004
  1.1371532794292759e-004
  1.1371442473365924e-004
  1.1371442326039248e-004
  1.4296643958246191e+001
  1.3726379281596035e+001
  1.3396137788979743e+001
  1.3033263105494214e+001
  1.2377939428933889e+001
  1.1767579670114204e+001
  1.1052941390505712e+001
  1.0084802915096132e+001
  9.4497434430922329e+000
  9.1349548811385510e+000
  8.3390458993802312e+000
  7.7578137865568362e+000
  6.4864081612196554e+000
  5.5833523533792446e+000
  4.6529118434071046e+000
  1.8926292484220915e+000
  1.8926292484220915e+000
  1.8965660274931175e+000
  1.8405634035599805e+000
  1.8328820470074589e+000
  1.7713296454460070e+000
  1.6385342288953419e+000
  1.6318916519569435e+000
  1.5900237935271602e+000
  1.5374611324019036e+000
  1.5353142002358877e+000
  1.4696453991660539e+000
  1.3836690431518914e+000
  1.3367334429164834e+000
  1.2369816279397212e+000
  1.2286784424302175e+000
  1.2017833504766000e+000
  1.1711848573988080e+000
  1.1478141394597297e+000
  1.0659572718415626e+000
  1.1299907386626264e+000
  1.0439700122695434e+000
  9.8640729154393114e-001
  9.4329323650237429e-001
  9.4305284755152596e-001
  9.1077887101579902e-001
  8.9954866416768653e-001
  8.8524332761341895e-001
  9.0635909871671161e-001
  9.0060818306256674e-001
  9.0073913052558652e-001
  8.3056078357728147e-001
  8.1354225242395994e-001
  7.8632558992138069e-001
  7.6849664294377562e-001
  6.8237428369751840e-001
  7.0177666616030598e-001
  6.6205065808721941e-001
  6.2173505031129073e-001
  6.1015503632360590e-001
  5.8971600929258750e-001
  5.4157659539611258e-001
  5.2147657163419492e-001
  4.4714122209447305e-001
  4.7089288465043888e-001
  4.7064730696794876e-001
  4.7064730696794876e-001
  4.7073419991894155e-001
  4.6875981945915818e-001
  4.6065557418251080e-001
  4.4308696885948423e-001
  3.7088303529462768e-001
  3.6774706636932797e-001
  3.5263688101557311e-001
  3.3976486079930901e-001
  3.3871253628993725e-001
  3.3323377518582198e-001
  3.1243674038889580e-001
  3.0704652408004346e-001
  2.5919788095835034e-001
  2.5906765433807716e-001
  2.5602857291629788e-001
  2.5535062231144684e-001
  2.5130759389317636e-001
  2.4483107076926849e-001
  3.0005537970452284e-001
  2.7903534204421626e-001
  2.7405086370866316e-001
  2.7495869856620225e-001
  2.7159115972226872e-001
  2.6865320011832100e-001
  2.6924224351753023e-001
  2.6923837585830057e-001
  2.8673687757382388e-001
  2.8657230380527271e-001
  2.8656938211336552e-001
  1.5728592074332526e-001
  1.5694807069256286e-001
  1.5398540049152465e-001
  1.4533300134314281e-001
  1.2137206096765335e-001
  1.0336836749520208e-001
  9.5845314527244818e-002
  9.2667251667152145e-002
  9.0897430836751072e-002
  8.9458898321811683e-002
  8.4951894841924766e-002
  8.2812530184592600e-002
  7.2086121719632246e-002
  7.1379184573569385e-002
  7.1436502611450528e-002
  7.1436502611450528e-002
  7.1423383278653108e-002
  7.1406616103033907e-002
  7.0418796710493198e-002
  6.6062292235885486e-002
  5.1608292571015048e-002
  4.6986611899192794e-002
  4.3690965515299822e-002
  4.1969204235883448e-002
  4.2030979106521260e-002
  4.1350205656687032e-002
  3.9746295854508916e-002
  3.8982431651818132e-002
  3.4883581763531055e-002
  3.4771599592673570e-002
  3.4724596920997039e-002
  3.4647738028441726e-002
  3.3304722653073653e-002
  3.3123536430647867e-002
  4.5346764814775238e-002
  4.2038302310014757e-002
  4.1858332097483471e-002
  4.2418909255867873e-002
  4.1353200984901910e-002
  4.0781186566858744e-002
  4.0872211035193472e-002
  4.0470553315583073e-002
  4.1312170161681580e-002
  4.1321354370243646e-002
  4.1320224510837382e-002
  3.1776216692843071e-002
  3.1649558392635488e-002
  3.1421669351541177e-002
  3.0610656849077027e-002
  2.0336406049377028e-002
  2.4215064447519537e-002
  2.2964021939261507e-002
  2.2354285999435536e-002
  2.1842822205606748e-002
  2.1699410020654963e-002
  2.1300461862083619e-002
  2.1144690403688993e-002
  1.9308809138025709e-002
  1.9488017319073483e-002
  1.9492605311371279e-002
  1.9492605311371279e-002
  1.9491410782788196e-002
  1.9457157711879589e-002
  1.9264188445463695e-002
  1.8737810213895478e-002
  1.0540156471143676e-002
  1.0425549071789008e-002
  9.6749106861824408e-003
  9.3038449789233958e-003
  9.2444541391912705e-003
  9.1926136925910770e-003
  9.0304850125482797e-003
  9.0075984184780425e-003
  7.6527546078606267e-003
  7.6379508001293448e-003
  7.6298834486577365e-003
  7.6130938161331225e-003
  7.5706870149037358e-003
  6.8384680038615564e-003
  1.3535167371454751e-002
  1.2987956211580907e-002
  1.2927318992614650e-002
  1.3106899688310086e-002
  1.2964005601885820e-002
  1.2923051984145889e-002
  1.2913680058966186e-002
  1.2904736587276497e-002
  1.3176696573925718e-002
  1.3174661368250322e-002
  1.3174564589697423e-002
  1.1022737878164275e-002
  1.1019343008307704e-002
  1.0968050561437384e-002
  1.0759213919391769e-002
  5.4499824605884995e-003
  6.8437733786574726e-003
  6.5871764964636854e-003
  6.5198426894082341e-003
  6.4735738025054872e-003
  6.4543246104938464e-003
  6.4241652114529072e-003
  6.4147085884610662e-003
  6.1383212831800588e-003
  6.1324438392260077e-003
  6.1334539385641436e-003
  6.1334539385641436e-003
  6.1334739050534614e-003
  6.1312770824852193e-003
  6.0848321565916200e-003
  5.7414541791667743e-003
  2.4281921348950192e-003
  2.3953123516193458e-003
  2.2996381893485873e-003
  2.2430011808735181e-003
  2.2426760584313907e-003
  2.2358930644616202e-003
  2.2234609474012655e-003
  2.2231765407193143e-003
  2.0003812474214014e-003
  1.9963931552465994e-003
  1.9948561234700958e-003
  1.9942284750881947e-003
  1.9311792091528486e-003
  1.6655951484711587e-003
  4.4297878374379368e-003
  4.1540006105859530e-003
  4.1522505111903337e-003
  4.1675481516778891e-003
  4.1541042157254553e-003
  4.1497372737108774e-003
  4.1502246124771056e-003
  4.1499168785384078e-003
  4.1839379726697368e-003
  4.1841164174681771e-003
  4.1841160058490633e-003
  2.9474943645609966e-003
  2.9441982009909082e-003
  2.9329907496330322e-003
  2.8704465281533930e-003
  1.3459067767269183e-003
  1.9197657271932274e-003
  1.8916492842847752e-003
  1.8730330538219776e-003
  1.8625709105729231e-003
  1.8605437025028836e-003
  1.8562348637233563e-003
  1.8561470043625514e-003
  1.7877899549267331e-003
  1.7963341243405148e-003
  1.7964905212491087e-003
  1.7964905212491087e-003
  1.7964956384047886e-003
  1.7967599191241800e-003
  1.7835066845823832e-003
  1.7428652081955167e-003
  6.8080918593116965e-004
  6.8617437279224717e-004
  6.6970631223648976e-004
  6.5537943819622625e-004
  6.5482221263162043e-004
  6.5382994351282037e-004
  6.5238907195543040e-004
  6.5251763179157774e-004
  5.9051237932856993e-004
  5.9008590234561973e-004
  5.8964756980504527e-004
  5.8855342901193125e-004
  5.8552100467970821e-004
  4.5471249433499662e-004
  1.2886804127216318e-003
  1.2567475246769960e-003
  1.2529508369273658e-003
  1.2562977222316150e-003
  1.2539710912507522e-003
  1.2533729841370193e-003
  1.2532878512942524e-003
  1.2532762261959712e-003
  1.2634828596947353e-003
  1.2634707917592827e-003
  1.2634681242052284e-003
  1.1604585960004899e-003
  1.1603282569417795e-003
  1.1595613215044200e-003
  1.1394350478110440e-003
  3.9387185897813429e-004
  7.3342935330199699e-004
  7.2636066276116692e-004
  7.2564020997594369e-004
  7.2448090511572727e-004
  7.2427375977997721e-004
  7.2395085073350221e-004
  7.2377557646412921e-004
  7.1467467717347473e-004
  7.1493951316596019e-004
  7.1495642790340627e-004
  7.1495642790340627e-004
  7.1495615470726652e-004
  7.1489808436870316e-004
  7.1452096775724983e-004
  6.8492152762080827e-004
  2.1642847547597037e-004
  2.1720788383452957e-004
  2.1479018657521992e-004
  2.1393144949212407e-004
  2.1390824392691462e-004
  2.1383626801956440e-004
  2.1376962207971247e-004
  2.1380165402073593e-004
  2.0601827891523474e-004
  2.0595167746796558e-004
  2.0591063731103211e-004
  2.0583180086113356e-004
  2.0306272198054680e-004
  1.4531600321787734e-004
  5.2372359456595075e-004
  5.0228184537270580e-004
  5.0077870766726843e-004
  5.0098511245017375e-004
  5.0074403535757702e-004
  5.0068055932634206e-004
  5.0068624603424882e-004
  5.0068450094167133e-004
  5.0172570501840646e-004
  5.0172518371366707e-004
  5.0172523349453508e-004
  3.0250218343317014e-004
  3.0243941425071451e-004
  3.0046172316569526e-004
  2.9462778560842022e-004
  1.1987240512333964e-004
  1.7428857959238920e-004
  1.7374203232971183e-004
  1.7323766766040997e-004
  1.7288318729807693e-004
  1.7285949864444277e-004
  1.7279872831278803e-004
  1.7282276794490839e-004
  1.7017328629863882e-004
  1.7052494116538938e-004
  1.7052594155485135e-004
  1.7052594155485135e-004
  1.7052514007933399e-004
  1.7051359662008297e-004
  1.6838329926473436e-004
  1.6326509544536976e-004
  5.2302209175646037e-005
  5.3225130682053252e-005
  5.3206112365055030e-005
  5.2805360257712856e-005
  5.2779898907688266e-005
  5.2764084062527852e-005
  5.2749893133842199e-005
  5.2752699803061818e-005
  4.9918732665230669e-005
  4.9907537149180816e-005
  4.9905540034046646e-005
  4.9706458117866723e-005
  4.8340156092108593e-005
  3.4812731712480345e-005
  1.2311392592197828e-004
  1.1947774084179412e-004
  1.1894855916396916e-004
  1.1891279713355329e-004
  1.1893433501502330e-004
  1.1892106482520247e-004
  1.1892021101413922e-004
  1.1892047426014467e-004
  1.1934583913055197e-004
  1.1934474403874297e-004
  1.1934469344870993e-004
  1.4296643958246191e+001
  1.3726379281596035e+001
  1.3396137788979743e+001
  1.3033263105494214e+001
  1.2377939428933889e+001
  1.1767579670114204e+001
  1.1052941390505712e+001
  1.0084802915096132e+001
  9.4497434430922329e+000
  9.1349548811385510e+000
  8.3390458993802312e+000
  7.7578137865568362e+000
  6.4864081612196554e+000
  5.5833523533792446e+000
  4.6529118434071046e+000
  1.8926292484220915e+000
  1.7456112322970876e+000
  1.7040442364895740e+000
  1.6677656572644399e+000
  1.6082399501195386e+000
  1.4794670327909696e+000
  1.4409459949388468e+000
  1.4087032252157818e+000
  1.2824833535040472e+000
  1.2711948600284693e+000
  1.2322867823271668e+000
  1.0915634881491565e+000
  1.0504210632044388e+000
  9.0639152642418697e-001
  8.7809075278670401e-001
  8.6761500554019044e-001
  6.2890677510661286e-001
  6.2043915164728769e-001
  5.9548156702165500e-001
  5.8732053406468732e-001
  5.5325897896650811e-001
  5.4954972655440970e-001
  4.9708414187012728e-001
  4.6651411396977505e-001
  4.5617917713588035e-001
  4.3971133503964394e-001
  4.1739817874671409e-001
  3.9163311543088625e-001
  3.5415604528366995e-001
  3.5448641858033569e-001
  3.5416979930923004e-001
  3.2185481252583770e-001
  3.1850207032899547e-001
  3.1464291086097007e-001
  3.0571671076534540e-001
  2.8225097753559086e-001
  2.9055530454729045e-001
  2.8493772006926688e-001
  2.5817526256466822e-001
  2.6061284381043226e-001
  2.5710355434733673e-001
  2.4239878297722167e-001
  2.4291633965110626e-001
  2.2805331370115881e-001
  2.2675380426727654e-001
  2.2672847274729446e-001
  1.6591902967392200e-001
  1.6475264126291328e-001
  1.6090014662053370e-001
  1.5940230636013919e-001
  1.4569097501614645e-001
  1.5016198643435066e-001
  1.3787440618093852e-001
  1.3487618282324007e-001
  1.3245808191135683e-001
  1.2950350357401580e-001
  1.2543241474571731e-001
  1.2195404420929375e-001
  1.1398687781829621e-001
  1.1434401549872168e-001
  1.1431517165194739e-001
  9.5696256433080412e-002
  9.5319645497351030e-002
  9.4364461159358953e-002
  9.2135581261433841e-002
  8.4997139871035826e-002
  8.7292161218450057e-002
  8.4972986694842489e-002
  7.9129245994314631e-002
  8.0030506864764192e-002
  7.9021078454812738e-002
  7.5791357119333200e-002
  7.5939593277401629e-002
  7.1406707242779588e-002
  7.1364147088823437e-002
  7.1361310526723370e-002
  5.3982027185030722e-002
  5.3689110768749874e-002
  5.2891228688364794e-002
  5.2377564565708211e-002
  4.7336232987918912e-002
  4.9598352188056527e-002
  4.6265788743936165e-002
  4.5662480387408222e-002
  4.4783901507710368e-002
  4.3945355123220960e-002
  4.3017429486364479e-002
  4.1805998427987871e-002
  4.0035970225195908e-002
  4.0047409403950691e-002
  4.0042849653689365e-002
  3.1847729932106432e-002
  3.1794636116643168e-002
  3.1507522123955661e-002
  3.0894745094461371e-002
  2.8153495942992816e-002
  2.9229964611311953e-002
  2.8109169056235839e-002
  2.6432697265852657e-002
  2.6657283963837087e-002
  2.6390995743750530e-002
  2.5620607367314280e-002
  2.5650530424123172e-002
  2.4348372326025467e-002
  2.4335980482624382e-002
  2.4335663437987844e-002
  1.8841868813327625e-002
  1.8759068432680225e-002
  1.8565354190538699e-002
  1.8344273852279176e-002
  1.6798170734419589e-002
  1.7417001139575072e-002
  1.6481638712929254e-002
  1.6252830025689474e-002
  1.5923348107495915e-002
  1.5672503002928155e-002
  1.5467075423148213e-002
  1.5048036581829792e-002
  1.4669917604042843e-002
  1.4660499017539370e-002
  1.4659854386316220e-002
  1.1498019922716079e-002
  1.1488679909149205e-002
  1.1397340302160221e-002
  1.1241775017497240e-002
  1.0108379718141318e-002
  1.0641019028141999e-002
  1.0146020225514611e-002
  9.6356914153945313e-003
  9.6953688969434078e-003
  9.6182588958492795e-003
  9.4543541431692784e-003
  9.4535720489366884e-003
  9.1230859677303693e-003
  9.0930345828783114e-003
  9.0930374121533722e-003
  7.1249006133731500e-003
  7.1023300766510861e-003
  7.0560510244999097e-003
  6.9500173447244930e-003
  6.4884551565147384e-003
  6.5903046812578279e-003
  6.3189184164651390e-003
  6.2143906459979506e-003
  6.0771832766806921e-003
  6.0107588213601819e-003
  5.9642335464019100e-003
  5.8427988913908437e-003
  5.7570397337297014e-003
  5.7550784257854011e-003
  5.7549940677381365e-003
  4.5377332374038548e-003
  4.5359197072789102e-003
  4.5071845941567316e-003
  4.4715519281838126e-003
  4.0141033196460533e-003
  4.2502299214428165e-003
  4.0501433187723548e-003
  3.8800775497657490e-003
  3.8988754288767592e-003
  3.8757510362489736e-003
  3.8445903795447586e-003
  3.8418916893746030e-003
  3.7672968625370056e-003
  3.7496675375154535e-003
  3.7496722421253596e-003
  2.9374611597806971e-003
  2.9320219093577128e-003
  2.9215320902681590e-003
  2.8684189943973750e-003
  2.7235342235194604e-003
  2.7169485068678093e-003
  2.6323262094617591e-003
  2.5858712988478180e-003
  2.5277255612143903e-003
  2.5109500771368538e-003
  2.4997957646273688e-003
  2.4702014392082861e-003
  2.4484340395044472e-003
  2.4482745565886791e-003
  2.4482621137522091e-003
  1.9478503576312630e-003
  1.9474976210648776e-003
  1.9383130108827566e-003
  1.9305399889575901e-003
  1.7585810370055884e-003
  1.8543179223678662e-003
  1.7785091575551921e-003
  1.7176026622619325e-003
  1.7233419291413498e-003
  1.7165090612499421e-003
  1.7107761949860661e-003
  1.7096441513818007e-003
  1.6942821577472544e-003
  1.6870978636566159e-003
  1.6870983807519551e-003
  1.3087513458428755e-003
  1.3076880256988775e-003
  1.3052768040309902e-003
  1.2787159153483739e-003
  1.2293941411921081e-003
  1.2161817751067854e-003
  1.1875004636482237e-003
  1.1675045074705701e-003
  1.1437992553154880e-003
  1.1394240286082484e-003
  1.1366868247561462e-003
  1.1303793844970565e-003
  1.1243113762119676e-003
  1.1243341998473937e-003
  1.1243317130074865e-003
  8.9719491895766694e-004
  8.9712611587666692e-004
  8.9385272144526333e-004
  8.9200379057469614e-004
  8.3515907266245172e-004
  8.7156339119591410e-004
  8.4351633049615095e-004
  8.2136817620965987e-004
  8.2288946808416804e-004
  8.2092383123931380e-004
  8.1985880540807869e-004
  8.1952752679641065e-004
  8.1658594636768158e-004
  8.1406992195725647e-004
  8.1406993185583127e-004
  6.2138477776395372e-004
  6.2124753019821141e-004
  6.2062094628883018e-004
  6.0773420265297922e-004
  5.8955452317035030e-004
  5.8515626392875481e-004
  5.7466059952561140e-004
  5.6635684467110754e-004
  5.5694748854017719e-004
  5.5576555229081448e-004
  5.5510074256242723e-004
  5.5389056476024857e-004
  5.5211663590746141e-004
  5.5212916189937417e-004
  5.5212826723888720e-004
  4.3722307576288532e-004
  4.3720831186465288e-004
  4.3581002412163288e-004
  4.3521546032169897e-004
  4.2152224322558526e-004
  4.3457885766745146e-004
  4.2419130504916153e-004
  4.1621206890073354e-004
  4.1650910297876123e-004
  4.1596372708295226e-004
  4.1576883946087587e-004
  4.1568680538707996e-004
  4.1515553023191301e-004
  4.1433763236566024e-004
  4.1433763614908141e-004
  3.1018376515305637e-004
  3.1017714344674219e-004
  3.0998388729041606e-004
  3.0387948177573059e-004
  2.9684149359838038e-004
  2.9827970715960494e-004
  2.9422181198794433e-004
  2.9097496789509133e-004
  2.8726116423815500e-004
  2.8693491371986683e-004
  2.8677965295664017e-004
  2.8656639989428753e-004
  2.8604055413708186e-004
  2.8604393151038167e-004
  2.8604364878039409e-004
  2.2263343253501295e-004
  2.2262970037630368e-004
  2.2193874470208117e-004
  2.2166827960376793e-004
  2.2188796023772564e-004
  2.2626784203030591e-004
  2.2234260963869745e-004
  2.1948759655579839e-004
  2.1949394960893589e-004
  2.1935007625168082e-004
  2.1931570936729617e-004
  2.1929740753155594e-004
  2.1920545023035326e-004
  2.1894942765754088e-004
  2.1894942846555879e-004
  1.6084457699184733e-004
  1.6084236534791481e-004
  1.6077296227083994e-004
  1.5785649745908180e-004
  1.5512389440344943e-004
  1.5819615304872773e-004
  1.5658555273117780e-004
  1.5540722051601955e-004
  1.5393443358932636e-004
  1.5384231204077222e-004
  1.5380790962732176e-004
  1.5377240147522523e-004
  1.5361615997742185e-004
  1.5361690595785526e-004
  1.5361682115099066e-004
  1.4296643958246191e+001
  1.3726379281596035e+001
  1.3396137788979743e+001
  1.3033263105494214e+001
  1.2377939428933889e+001
  1.1767579670114204e+001
  1.1052941390505712e+001
  1.0084802915096132e+001
  9.4497434430922329e+000
  9.1349548811385510e+000
  8.3390458993802312e+000
  7.7578137865568362e+000
  6.4864081612196554e+000
  5.5833523533792446e+000
  4.6529118434071046e+000
  1.8926292484220915e+000
  1.8926292484220915e+000
  1.8965660274931175e+000
  1.8405634035599805e+000
  1.8328820470074589e+000
  1.7713296454460070e+000
  1.6385342288953419e+000
  1.6318916519569435e+000
  1.5900237935271602e+000
  1.5374611324019036e+000
  1.5353142002358877e+000
  1.4696453991660539e+000
  1.3836690431518914e+000
  1.3367334429164834e+000
  1.2369816279397212e+000
  1.2286784424302175e+000
  1.1726740516081540e+000
  1.1350133858936837e+000
  1.0868677009789209e+000
  1.0081346186762925e+000
  9.6756322292276353e-001
  8.8302215139841422e-001
  7.8966215769995418e-001
  7.1090457194784451e-001
  7.0179685478339382e-001
  6.5140260703174124e-001
  5.9250664320604307e-001
  5.5465963018217823e-001
  5.1676791963872437e-001
  5.0691523673953731e-001
  5.0721744147991599e-001
  5.0721744147991599e-001
  5.0601290416579692e-001
  5.0977177298945553e-001
  4.9776015410787794e-001
  4.8283741016766796e-001
  4.7040546666344513e-001
  4.5361049804322673e-001
  4.2252862605384905e-001
  4.0613412467155058e-001
  4.0255903621492412e-001
  3.9306364087453599e-001
  3.7396803987245247e-001
  3.6880306427902998e-001
  3.6433564611577907e-001
  3.6375913187546061e-001
  3.3212494520563707e-001
  3.2726503398464368e-001
  3.0555753622698728e-001
  3.0008888713828097e-001
  2.6791186525778760e-001
  2.3801964791483080e-001
  2.2190837647864775e-001
  2.1155439246517030e-001
  2.0456427609131664e-001
  1.9642379916970779e-001
  1.9357041845565204e-001
  1.8619277648669916e-001
  1.8392381338126890e-001
  1.8330472524631464e-001
  1.8330072344323689e-001
  1.8330072344323689e-001
  1.8372309607923637e-001
  1.8063899661198066e-001
  1.7758575523175951e-001
  1.7545660542208333e-001
  1.4987661926587689e-001
  1.3946040121746603e-001
  1.3285913402673746e-001
  1.2646799333933009e-001
  1.2598524085456345e-001
  1.2266680952346937e-001
  1.2232347914227810e-001
  1.1992736890694569e-001
  1.1855833471205639e-001
  1.1857460006833782e-001
  9.7725236157834836e-002
  9.3582737456054527e-002
  9.2827798801511707e-002
  8.7134533708248293e-002
  7.8135756852189042e-002
  6.5699380916590500e-002
  6.2476114832553720e-002
  5.9038800814128246e-002
  5.6081145767127832e-002
  5.5877614953777473e-002
  5.3613770482895007e-002
  5.3086454321880437e-002
  5.2929019202336766e-002
  5.2744524310015327e-002
  5.2738647481903246e-002
  5.2738647481903246e-002
  5.2525619589619307e-002
  5.2162242411805185e-002
  5.1784886735696173e-002
  4.9070313309539926e-002
  5.0747384747068428e-002
  4.9915728619149752e-002
  4.8976687436303498e-002
  4.6912376744338916e-002
  4.6879315476164293e-002
  4.6802893592843620e-002
  4.6037787885385387e-002
  4.5594637575378696e-002
  4.5099490178683269e-002
  4.5099465099939069e-002
  3.7591775732515133e-002
  3.7485506104833963e-002
  3.6155108878904170e-002
  3.4917130991743560e-002
  2.9172126614504971e-002
  2.9096673369646598e-002
  2.7655592330563302e-002
  2.7284416969665704e-002
  2.7233486109934969e-002
  2.7162535020713668e-002
  2.7149284062913150e-002
  2.7106440123495657e-002
  2.7060860918914336e-002
  2.7052322687673269e-002
  2.7052273473952004e-002
  2.7052273473952004e-002
  2.7061973750342694e-002
  2.7043414515016288e-002
  2.6283592062678468e-002
  2.7144627820404756e-002
  1.2735301015666427e-002
  1.2288690210094440e-002
  1.1562917839909122e-002
  1.1264669831077889e-002
  1.1242922820197112e-002
  1.1215394424741083e-002
  1.1213886290568248e-002
  1.1193558680613907e-002
  1.1175592823771190e-002
  1.1175428118453026e-002
  1.0602568191887119e-002
  1.0288687611925983e-002
  1.0124773393703665e-002
  7.9914637564527068e-003
  6.4669895760859309e-003
  6.2425120205708857e-003
  5.9968721785810279e-003
  5.9134013366618308e-003
  5.8829804269107432e-003
  5.8791979512204367e-003
  5.8647884516076958e-003
  5.8145732452282699e-003
  5.8177653939451299e-003
  5.8166549898424520e-003
  5.8166494780873251e-003
  5.8166494780873251e-003
  5.8190196436604972e-003
  5.5869826215730464e-003
  5.5323133682687996e-003
  6.2944670565052265e-003
  3.6442419110001485e-003
  3.3127379604319870e-003
  3.2834393277191270e-003
  3.1444919184955007e-003
  3.1397684519505224e-003
  3.1368987262207857e-003
  3.1285019353280864e-003
  3.0913932430123117e-003
  3.0926231926241324e-003
  3.0926203905820011e-003
  2.9108898012242968e-003
  2.8748514430352694e-003
  2.4266561248679286e-003
  2.2891834907416112e-003
  1.7828928273533762e-003
  1.7346112489650719e-003
  1.6243644946251294e-003
  1.5893589956979084e-003
  1.5805756802811132e-003
  1.5783684478650427e-003
  1.5767261731655954e-003
  1.5754476979611429e-003
  1.5751406114613141e-003
  1.5720115494838082e-003
  1.5720024899836225e-003
  1.5720024899836225e-003
  1.5634466860750922e-003
  1.5548255865491891e-003
  1.4939940584205987e-003
  1.4165850520243195e-003
  1.0981047107361853e-003
  1.0740051803911420e-003
  1.0516971514521148e-003
  1.0399567078903573e-003
  1.0400115076580523e-003
  1.0394722514705220e-003
  1.0395579771355153e-003
  1.0394660456324934e-003
  1.0394540440618653e-003
  1.0394520050802057e-003
  9.3250837663608199e-004
  8.2670164441668494e-004
  8.1624135444717484e-004
  7.9155895471213274e-004
  6.4085803591847513e-004
  6.4681474137368326e-004
  6.0831718518897921e-004
  6.0077655758434937e-004
  5.9797735786280425e-004
  5.9710836259197972e-004
  5.9639307628014493e-004
  5.9641337856108576e-004
  5.9441680635497981e-004
  5.9439383228083022e-004
  5.9439383207387348e-004
  5.9439383207387348e-004
  5.9460796930516568e-004
  5.6511518467408422e-004
  5.5220932804489627e-004
  5.4719832782509654e-004
  3.3357612811139739e-004
  3.1589047241798373e-004
  3.0897157182731381e-004
  3.0666524350055540e-004
  3.0653049818681071e-004
  3.0629271214862539e-004
  3.0526858295760854e-004
  3.0515153357608184e-004
  2.9952720217543032e-004
  2.9953068671912249e-004
  2.7421524173177215e-004
  2.6961212273574167e-004
  2.6734394977139485e-004
  2.4018286051909917e-004
  2.0046855250884299e-004
  2.0270573027836604e-004
  1.9148977159079604e-004
  1.8540916445853171e-004
  1.8517293594161828e-004
  1.8513237922993800e-004
  1.8511533758802201e-004
  1.8503960586172284e-004
  1.8495891557946943e-004
  1.8495778789231012e-004
  1.8495697655774172e-004
  1.8495697655774172e-004
  1.8485925806427207e-004
  1.8194711315180697e-004
  1.8143373813678563e-004
  1.8024279015547840e-004
  1.1172279977656324e-004
  1.1055274804895912e-004
  1.0870649871856539e-004
  1.0259473332366626e-004
  1.0257246033259334e-004
  1.0257227083480469e-004
  1.0257055525422265e-004
  1.0256327896763239e-004
  1.0253658232568611e-004
  1.0253657000202114e-004
  1.4296643958246191e+001
  1.3726379281596035e+001
  1.3396137788979743e+001
  1.3033263105494214e+001
  1.2377939428933889e+001
  1.1767579670114204e+001
  1.1052941390505712e+001
  1.0084802915096132e+001
  9.4497434430922329e+000
  9.1349548811385510e+000
  8.3390458993802312e+000
  7.7578137865568362e+000
  6.4864081612196554e+000
  5.5833523533792446e+000
  4.6529118434071046e+000
  1.8926292484220915e+000
  1.8926292484220915e+000
  1.8965660274931175e+000
  1.8405634035599805e+000
  1.8328820470074589e+000
  1.7713296454460070e+000
  1.6385342288953419e+000
  1.6318916519569435e+000
  1.5900237935271602e+000
  1.5374611324019036e+000
  1.5353142002358877e+000
  1.4696453991660539e+000
  1.3836690431518914e+000
  1.3367334429164834e+000
  1.2369816279397212e+000
  1.2286784424302175e+000
  1.2017833504766000e+000
  1.1711848573988080e+000
  1.1478141394597297e+000
  1.0659572718415626e+000
  1.1299907386626264e+000
  1.0439700122695434e+000
  9.8640729154393114e-001
  9.4329323650237429e-001
  9.4305284755152596e-001
  9.1077887101579902e-001
  8.9954866416768653e-001
  8.8524332761341895e-001
  9.0635909871671161e-001
  9.0060818306256674e-001
  9.0073913052558652e-001
  8.3053272648880638e-001
  8.1369647661247679e-001
  7.8685743567823874e-001
  7.6861924528368619e-001
  6.8290911055086689e-001
  7.0232905730878681e-001
  6.6299540131707069e-001
  6.2309540349631298e-001
  6.1351041859035693e-001
  5.9265100561756345e-001
  5.4558490762479661e-001
  5.2769945015007325e-001
  4.5478158652885547e-001
  4.7897155656145368e-001
  4.7875572856499660e-001
  4.7875572856499660e-001
  4.7872612178793683e-001
  4.7675039650663553e-001
  4.6884658819707031e-001
  4.5272326734557450e-001
  3.8167558584139999e-001
  3.7615126745001909e-001
  3.6129838423611255e-001
  3.4749561949590391e-001
  3.4650028143284539e-001
  3.4047035877950799e-001
  3.1765503107290566e-001
  3.1139821077365520e-001
  2.6296560029383204e-001
  2.6280270526671390e-001
  2.5885745350808853e-001
  2.5771655380947744e-001
  2.5393353562069887e-001
  2.4729729581414725e-001
  2.9929109902590023e-001
  2.8175290026596989e-001
  2.7780838726130030e-001
  2.7852838646461042e-001
  2.7416507246630328e-001
  2.7235743677788032e-001
  2.7348219133391549e-001
  2.7389923235828162e-001
  2.9206214104866995e-001
  2.9164182055256332e-001
  2.9163328452266607e-001
  1.6030369742689826e-001
  1.6001566872530831e-001
  1.5780088683063895e-001
  1.4959705848660426e-001
  1.3442192859069363e-001
  1.3437919351324268e-001
  1.2943438782271019e-001
  1.2697952403545684e-001
  1.2617854072663262e-001
  1.2542170719349996e-001
  1.2116344841032574e-001
  1.1926768924564139e-001
  1.1221103673859512e-001
  1.1364452560453783e-001
  1.1367842378468887e-001
  1.1367842378468887e-001
  1.1366244572408266e-001
  1.1367716596578989e-001
  1.1270301734149875e-001
  1.0227636193639797e-001
  6.9116849920424633e-002
  6.6588323173881317e-002
  6.1587660642625067e-002
  5.9871788741603406e-002
  6.0060756690879256e-002
  5.9841924679037442e-002
  5.7952293865203827e-002
  5.7304234394890248e-002
  5.0804169014805167e-002
  5.0735575712094583e-002
  5.0692422131697987e-002
  5.0653424920988996e-002
  4.9003928013395197e-002
  4.7353965380826486e-002
  6.7773329387857489e-002
  6.0992143492667739e-002
  6.0321232100844134e-002
  6.2119564090991265e-002
  6.0186771781905450e-002
  5.9425272159932666e-002
  5.9206507300514959e-002
  5.8824362643674806e-002
  5.9143899423530787e-002
  5.9137202914310502e-002
  5.9120634639400364e-002
  4.6979222702777587e-002
  4.6805143234381112e-002
  4.6317346312752375e-002
  4.5761806752976239e-002
  3.1724885734871963e-002
  3.8707265882505643e-002
  3.7940283570676865e-002
  3.7403569846458720e-002
  3.7385961554676890e-002
  3.7245296585901776e-002
  3.7150126952183005e-002
  3.6698713025766307e-002
  3.5615603560363425e-002
  3.5942218929512305e-002
  3.5946421178944511e-002
  3.5946421178944511e-002
  3.5947004963401939e-002
  3.5902405104940173e-002
  3.5608015214625345e-002
  3.4767249982273471e-002
  2.1965058556408675e-002
  2.1670958085663449e-002
  2.0914949560510165e-002
  2.0378633618797777e-002
  2.0381931712912641e-002
  2.0311586411213216e-002
  2.0263259120348903e-002
  2.0045505383146922e-002
  1.9100838061622050e-002
  1.9097302652475393e-002
  1.9088893794879044e-002
  1.9094145273494279e-002
  1.9055441935782087e-002
  1.8579340052292937e-002
  2.1091031931889118e-002
  2.1036411041517194e-002
  2.0900822372444658e-002
  2.1202572302474437e-002
  2.0999669042756585e-002
  2.1004819711296811e-002
  2.0963757277722959e-002
  2.0980468173157851e-002
  2.1199394729160527e-002
  2.1217156975607460e-002
  2.1213207888999556e-002
  9.4101514214138711e-003
  9.4009955249715234e-003
  9.3177140320093808e-003
  8.2043092019603511e-003
  8.4973437425820402e-003
  8.0352452630635708e-003
  7.8482180516097882e-003
  7.6997868555165510e-003
  7.6397655105873517e-003
  7.5934283999850626e-003
  7.5952323496223089e-003
  7.5549097271530143e-003
  7.2509587795215472e-003
  7.3362928371180540e-003
  7.3364217168809627e-003
  7.3364217168809627e-003
  7.3364572508304747e-003
  7.3365215327237604e-003
  7.3001958332322547e-003
  6.2019150750730213e-003
  3.6652988926451548e-003
  3.4642127633496469e-003
  3.4064207699584684e-003
  3.3146436823676970e-003
  3.3071963609403814e-003
  3.2842970165726680e-003
  3.2822180370782996e-003
  3.2682119368828153e-003
  2.9547659618838463e-003
  2.9542621632000828e-003
  2.9527371212298343e-003
  2.9303412779531088e-003
  2.6571401630927950e-003
  2.4966060907878410e-003
  3.5848855611104757e-003
  2.9641076376851812e-003
  2.6395967517298066e-003
  2.5124507885090686e-003
  2.5326473162463384e-003
  2.5381990219400666e-003
  2.5325672363800621e-003
  2.5258602167671702e-003
  2.5384984688980755e-003
  2.5420739604020475e-003
  2.5417770726096889e-003
  1.2865267731039592e-003
  1.2842899227226716e-003
  1.2329703513171944e-003
  1.2084123754466218e-003
  1.1439728531537844e-003
  1.0572412893944585e-003
  1.0069247596643529e-003
  9.6063827699515868e-004
  9.2742405800282188e-004
  9.1759319440452315e-004
  9.1969522326684251e-004
  9.0855999033556385e-004
  8.2489451151333999e-004
  8.3887994460621167e-004
  8.3931542949165490e-004
  8.3931542949165490e-004
  8.3930097915508510e-004
  8.3926940698372940e-004
  8.2671956777657680e-004
  8.2724938900398685e-004
  7.8928017407687255e-004
  7.8678695061419840e-004
  7.6805369135890804e-004
  7.3812476389429596e-004
  7.3714999366268890e-004
  7.3225279441196489e-004
  7.3201321387777313e-004
  7.2972705166894874e-004
  6.2300277378046223e-004
  6.2260555783868706e-004
  6.2277029014972882e-004
  6.1881581166185599e-004
  6.2171490369818702e-004
  6.2251284450669123e-004
  3.2696681432578322e-004
  3.0610412609310457e-004
  2.8760645591517799e-004
  3.0625513796840565e-004
  2.9566689508394439e-004
  2.9811234588810305e-004
  2.9486938023351054e-004
  2.9495724408963630e-004
  3.1185324524615196e-004
  3.1203672961958444e-004
  3.1133480585718206e-004
  2.3472061633042778e-004
  2.3390375169078453e-004
  2.2579829094905725e-004
  2.2337016029283507e-004
  2.1325240280182885e-004
  1.8649872684714801e-004
  1.7485874369928441e-004
  1.5755766537496607e-004
  1.5428384446903939e-004
  1.5285699892655252e-004
  1.5297803103301983e-004
  1.5147440614581126e-004
  1.4569074472327089e-004
  1.4465345274451610e-004
  1.4467183211005921e-004
  1.4467183211005921e-004
  1.4465194494243488e-004
  1.4412154881382575e-004
  1.4119451325383199e-004
  1.4013260718290642e-004
  1.3624837295067379e-004
  1.3397859344735193e-004
  1.2605042457869352e-004
  1.1605482979068291e-004
  1.1577290902388521e-004
  1.1528859853565901e-004
  1.1535698007126434e-004
  1.1508432971356687e-004
  1.1358768275644387e-004
  1.1356460968834438e-004
  1.1358509736652614e-004
  1.1156194984901998e-004
  1.1201791593419905e-004
  1.1222244120339729e-004
  9.1307317718305385e-005
  9.1063482597797789e-005
  8.9290065304639985e-005
  8.6520740084099925e-005
  8.4932255301313137e-005
  8.4713207165076652e-005
  8.4262149938622743e-005
  8.4172485566588964e-005
  8.0975178441982398e-005
  8.0966978469753352e-005
  8.0966721463429333e-005
