  1.4296643958246191e+001
  1.3723839098549801e+001
  1.3388467217303853e+001
  1.3041851000461536e+001
  1.2426796063492333e+001
  1.1864097365141046e+001
  1.1190804315888419e+001
  1.0379020401450362e+001
  9.8135175601566900e+000
  9.5282234785883784e+000
  8.7751355534421922e+000
  8.2675868497324370e+000
  7.1233936574325813e+000
  6.4040041938408319e+000
  5.6639006323276373e+000
  3.7654601799146241e+000
  3.1756707956923504e+000
  3.1035239610428302e+000
  3.0121578385254293e+000
  2.8749084511117338e+000
  2.7877686527007364e+000
  2.4981762757168076e+000
  2.3898322407787305e+000
  2.2288330937262346e+000
  2.1340941108358353e+000
  1.9699716894034260e+000
  1.7403410629941145e+000
  1.5639735924176248e+000
  1.4580493921238193e+000
  1.2999669077048330e+000
  1.2643262696117765e+000
  1.2158809877585954e+000
  1.2010550667662170e+000
  1.1598739974267727e+000
  1.1302293073316927e+000
  1.0237586505706682e+000
  9.8699952678597624e-001
  8.9580511194066870e-001
  8.5349609083248812e-001
  8.1949673218593844e-001
  7.8511262299289941e-001
  7.3449970422931421e-001
  6.8821901715264211e-001
  5.6901650436464901e-001
  5.6391620711053392e-001
  5.6217827175656110e-001
  5.5681117052866269e-001
  5.5045228278437242e-001
  5.4089626145478531e-001
  5.1082713172572347e-001
  4.9360452885334494e-001
  4.4144497348273604e-001
  4.2072461524658628e-001
  3.8727062320531741e-001
  3.8139930659245774e-001
  3.5698938930532764e-001
  3.4062232957851940e-001
  3.0481177054997971e-001
  2.9859655665062323e-001
  2.7843009473093377e-001
  2.7802678106736778e-001
  2.7199768798217028e-001
  2.7005414198516275e-001
  2.5923205188802501e-001
  2.5611797790979929e-001
  2.2698356110571208e-001
  2.1857006149408839e-001
  1.9783465500386668e-001
  1.8949846660788869e-001
  1.8295960990705692e-001
  1.8059766041216269e-001
  1.7109633640778682e-001
  1.6687812671500024e-001
  1.3930295298613468e-001
  1.3939316955317702e-001
  1.3927568096789988e-001
  1.3837674615075007e-001
  1.3722585656298128e-001
  1.3592529586667759e-001
  1.2686033330193883e-001
  1.2365142705764799e-001
  1.1013393209678682e-001
  1.0412048166688991e-001
  9.5788021674896376e-002
  9.5361473324208565e-002
  9.0593488821919588e-002
  8.8250041211426350e-002
  7.8558085417703927e-002
  7.8192716453159269e-002
  7.4305877796235681e-002
  7.4301051776140617e-002
  7.2834664920681594e-002
  7.2593024797646802e-002
  6.9591279876295556e-002
  6.9266407638265387e-002
  6.0243296501037102e-002
  5.8010337619911152e-002
  5.3454353695822902e-002
  5.1560601574039917e-002
  4.9647976738043616e-002
  4.9282287070473003e-002
  4.7298228518264290e-002
  4.6557257507875593e-002
  3.9738531978118975e-002
  3.9776335522718836e-002
  3.9769209284346865e-002
  3.9616274985642658e-002
  3.9354254424995558e-002
  3.9186518489677080e-002
  3.6596319702359124e-002
  3.6063398258443201e-002
  3.1502713119524087e-002
  2.9755871850014583e-002
  2.7602719690617391e-002
  2.7617953139758868e-002
  2.6559965003628064e-002
  2.5935730598720300e-002
  2.3355932066404073e-002
  2.3362830189206499e-002
  2.2674972933534349e-002
  2.2674956787794062e-002
  2.2340880789611446e-002
  2.2313464345372812e-002
  2.1526009737627617e-002
  2.1497959762462566e-002
  1.8102180256078879e-002
  1.7521410076720808e-002
  1.6445814200049202e-002
  1.6040102008818481e-002
  1.5420780414713217e-002
  1.5311991514794145e-002
  1.4886903464473487e-002
  1.4712300015848667e-002
  1.3107692042604865e-002
  1.3109501504351469e-002
  1.3109126735142662e-002
  1.3075662950585017e-002
  1.3008373990728498e-002
  1.2990216165520107e-002
  1.2316390293510004e-002
  1.2237594942218849e-002
  1.0173448417757983e-002
  9.7240620415138274e-003
  9.1314414119588391e-003
  9.1548800104570890e-003
  8.9133240417052489e-003
  8.7309821395416942e-003
  8.1168461439374874e-003
  8.1216781739993464e-003
  8.0037279824046580e-003
  8.0037613656301354e-003
  7.9283174552781666e-003
  7.9255112387840946e-003
  7.7375356949245236e-003
  7.7360241761580458e-003
  6.2015597934556984e-003
  6.0780376427077305e-003
  5.7665314754232868e-003
  5.6917102393610362e-003
  5.4921244523164414e-003
  5.4534297021026513e-003
  5.3648804779524214e-003
  5.3236936268609997e-003
  4.9735071392977056e-003
  4.9723136181729381e-003
  4.9722881334043952e-003
  4.9602914829007458e-003
  4.9426100759339224e-003
  4.9411539307749790e-003
  4.7743200932532787e-003
  4.7653385930307643e-003
  3.7293893549084365e-003
  3.6314772219131239e-003
  3.4516138744049114e-003
  3.4599212828371772e-003
  3.4056736349471883e-003
  3.3554724724265067e-003
  3.2231794501604116e-003
  3.2242078764148259e-003
  3.2016684834343763e-003
  3.2016683142025129e-003
  3.1785132247799919e-003
  3.1782380990820120e-003
  3.1357416029378590e-003
  3.1357048596798911e-003
  2.4082910487878352e-003
  2.3863514591353787e-003
  2.2736579525548233e-003
  2.2617688276888042e-003
  2.1944158993652384e-003
  2.1809603195208469e-003
  2.1627777846150846e-003
  2.1537336037093010e-003
  2.0824937810070302e-003
  2.0809624746191344e-003
  2.0809586636578578e-003
  2.0769953091111207e-003
  2.0723306296805927e-003
  2.0721946187551750e-003
  2.0279019158480301e-003
  2.0264642522827580e-003
  1.5210846878418931e-003
  1.5031995236177852e-003
  1.4398471475981927e-003
  1.4423332164520558e-003
  1.4303340581407354e-003
  1.4170526367000148e-003
  1.3905214187592233e-003
  1.3903696351849457e-003
  1.3860810645541200e-003
  1.3860809674250312e-003
  1.3800448001303636e-003
  1.3800183056899451e-003
  1.3699248131594467e-003
  1.3698332948635335e-003
  1.0326298271755780e-003
  1.0304579893668994e-003
  9.8343018856837444e-004
  9.8184052324394870e-004
  9.5625469997887729e-004
  9.5193437753031819e-004
  9.4818002245371106e-004
  9.4630463564293978e-004
  9.3268946087686293e-004
  9.3196976875492565e-004
  9.3196909698006660e-004
  9.3012927028118505e-004
  9.2894340380062564e-004
  9.2889678024284778e-004
  9.1471967094332708e-004
  9.1452867052762990e-004
  6.7548167005371739e-004
  6.7282724729066264e-004
  6.4782181519333442e-004
  6.4857017812068444e-004
  6.4593444626746994e-004
  6.4250096150944959e-004
  6.3749929524614321e-004
  6.3732301609752628e-004
  6.3648673152268717e-004
  6.3648668393051391e-004
  6.3318981912085105e-004
  6.3318649136124552e-004
  6.3046715033270820e-004
  6.3041137824724981e-004
  4.7131830654160674e-004
  4.7088522616982315e-004
  4.5167469114471562e-004
  4.5156047431694948e-004
  4.4085991192251731e-004
  4.3956003110015877e-004
  4.3877525783085533e-004
  4.3839855125998742e-004
  4.3589776288725530e-004
  4.3563985425968147e-004
  4.3563971987441467e-004
  4.3494626439209743e-004
  4.3467750366334238e-004
  4.3467984526060033e-004
  4.2917090975497533e-004
  4.2919770496688487e-004
  3.1589650350239567e-004
  3.1549552784988923e-004
  3.0518792441855430e-004
  3.0541946107722130e-004
  3.0481533430292096e-004
  3.0392852926739783e-004
  3.0302143701488462e-004
  3.0294176506015963e-004
  3.0277191993151906e-004
  3.0277190215282544e-004
  3.0192193068162532e-004
  3.0191977687915410e-004
  3.0107574420588565e-004
  3.0097482976741745e-004
  2.2573087004268004e-004
  2.2509167072490714e-004
  2.1697078471707656e-004
  2.1699410472585600e-004
  2.1240249342100817e-004
  2.1202917966389712e-004
  2.1186123369481164e-004
  2.1178722940000619e-004
  2.1134244377373122e-004
  2.1126188317872167e-004
  2.1126185381399972e-004
  2.1106472396649953e-004
  2.1100217961857363e-004
  2.1100563184866673e-004
  2.0855369647220355e-004
  2.0833613315269427e-004
  1.5370224414865117e-004
  1.5359745413800858e-004
  1.4932756686837406e-004
  1.4940482370870442e-004
  1.4925756850613428e-004
  1.4902961657549694e-004
  1.4887079915014960e-004
  1.4884291217031774e-004
  1.4880721412959374e-004
  1.4880720850045620e-004
  1.4836659821072657e-004
  1.4836525110425942e-004
  1.4807202435362783e-004
  1.4794660793211259e-004
  1.1162421954596173e-004
  1.1049838700017692e-004
  1.0706750512876374e-004
  1.0706263618275901e-004
  1.0510150134230196e-004
  1.0499685018652893e-004
  1.0496170520236180e-004
  1.0494728122814762e-004
  1.0486939374945669e-004
  1.0484608610430182e-004
  1.0484607930606729e-004
  1.2952067592863520e-002
  1.2892471216732527e-002
  1.3233911181730819e-002
  1.1456272591279197e-002
  1.3205155798009448e-002
  1.8717959904726862e-002
  1.8462928180299907e-002
  1.8466047266769935e-002
  1.8466355654191417e-002
  1.8466323688254165e-002
  1.8466273405943111e-002
  1.8466007468946753e-002
  1.8457575307573904e-002
  1.8460264973873822e-002
  1.8460265142670167e-002
  1.8468010132335080e-002
  1.8403842482928961e-002
  1.8392622599880809e-002
  1.8830954499363332e-002
  8.6576177817440075e-003
  9.9729086305534367e-003
  1.0119768836379470e-002
  1.0110219505934853e-002
  1.0112050751540765e-002
  1.0111864224418661e-002
  1.0111864636002089e-002
  1.0111522994416415e-002
  1.0112479802857540e-002
  1.0106461466970982e-002
  1.0106462056028024e-002
  1.0102099295524454e-002
  1.0167539615035982e-002
  9.8775803868862231e-003
  9.9750825614265213e-003
  1.4242630695568387e-002
  7.1568407510564855e-003
  7.2020304941308472e-003
  7.2026673603861838e-003
  7.1984210930235481e-003
  7.1983736050778568e-003
  7.1981213333067633e-003
  7.1979238643905610e-003
  7.2005665545320802e-003
  7.2011336717029929e-003
  7.2011326455573990e-003
  7.1935047462453501e-003
  7.1756478317950003e-003
  7.3454955993245766e-003
  6.3427372078803373e-003
  7.3897295545581870e-003
  1.0505529487431692e-002
  1.0367771700768684e-002
  1.0368811490686126e-002
  1.0368899526430088e-002
  1.0368892547021833e-002
  1.0368881801392589e-002
  1.0368843899361371e-002
  1.0366402253724399e-002
  1.0367198545860950e-002
  1.0367198596329478e-002
  1.0370316360206589e-002
  1.0340018093837687e-002
  1.0341701591592376e-002
  1.0585366707723977e-002
  4.8237345665803049e-003
  5.5891240195584538e-003
  5.6758568878448271e-003
  5.6724557076018069e-003
  5.6730602777849432e-003
  5.6730301045280502e-003
  5.6730300112063856e-003
  5.6729643556505706e-003
  5.6732636608757504e-003
  5.6714702654021556e-003
  5.6714704416296934e-003
  5.6701666987975900e-003
  5.6984835378156963e-003
  5.5428919249213898e-003
  5.6021586662709519e-003
  8.0050513110522890e-003
  4.0004908543266847e-003
  4.0220411463887063e-003
  4.0223301729964116e-003
  4.0208818102206193e-003
  4.0208716882314194e-003
  4.0208296256139054e-003
  4.0208098783509200e-003
  4.0216159360443012e-003
  4.0217895912913280e-003
  4.0217892820471170e-003
  4.0182356665227920e-003
  4.0131242525732027e-003
  4.1004878499545901e-003
  3.5354807273566195e-003
  4.1450327778500976e-003
  5.9026380683963190e-003
  5.8267498734421363e-003
  5.8270854036300964e-003
  5.8271071553625611e-003
  5.8271055096645779e-003
  5.8271031247997401e-003
  5.8270980517348050e-003
  5.8263792246537830e-003
  5.8266156941825954e-003
  5.8266157093618473e-003
  5.8279283316168100e-003
  5.8131437475953431e-003
  5.8165882492683544e-003
  5.9523889764307916e-003
  2.6981201913837218e-003
  3.1374565094279610e-003
  3.1872800268963556e-003
  3.1860176086637697e-003
  3.1862081390278516e-003
  3.1862029552266607e-003
  3.1862028483952715e-003
  3.1861901727717619e-003
  3.1862817579767248e-003
  3.1857464968936783e-003
  3.1857465496203854e-003
  3.1853635777283305e-003
  3.1981963894059445e-003
  3.1136057432033970e-003
  3.1484066894470288e-003
  4.5011351713856503e-003
  2.2420366060727226e-003
  2.2531759458890291e-003
  2.2533205821688900e-003
  2.2528227906430838e-003
  2.2528206309903702e-003
  2.2528134932231960e-003
  2.2528124189835101e-003
  2.2530563343869997e-003
  2.2531091201607868e-003
  2.2531090272281209e-003
  2.2514023595886488e-003
  2.2501278295021859e-003
  2.2962446578335296e-003
  1.9781805852681152e-003
  2.3278001587480794e-003
  3.3182311083204152e-003
  3.2759981556315073e-003
  3.2761031382952310e-003
  3.2761081185471923e-003
  3.2761077019378155e-003
  3.2761071784978067e-003
  3.2761065895532009e-003
  3.2758930965568404e-003
  3.2759634961049768e-003
  3.2759635006707668e-003
  3.2765429460349152e-003
  3.2691015093471213e-003
  3.2718466209047930e-003
  3.3477201204020332e-003
  1.5125591651541416e-003
  1.7627237100732171e-003
  1.7910084621943414e-003
  1.7905170208207919e-003
  1.7905731688643964e-003
  1.7905722217933075e-003
  1.7905721771670434e-003
  1.7905697393691849e-003
  1.7905974774614787e-003
  1.7904375300224645e-003
  1.7904375458027949e-003
  1.7903329475125636e-003
  1.7964076719671400e-003
  1.7499664294127041e-003
  1.7700308817297885e-003
  2.5314435229647292e-003
  1.2583787732721363e-003
  1.2644091694063244e-003
  1.2644874016961532e-003
  1.2643154476739624e-003
  1.2643149916959982e-003
  1.2643137472002689e-003
  1.2643139023654404e-003
  1.2643874028081196e-003
  1.2644033747768492e-003
  1.2644033468870389e-003
  1.2635574418534612e-003
  1.2633773212922493e-003
  1.2881868091656893e-003
  1.1092344246877524e-003
  1.3081153257358780e-003
  1.8658969202642471e-003
  1.8422713331274101e-003
  1.8423032427536228e-003
  1.8423044537658800e-003
  1.8423043368440669e-003
  1.8423042249460985e-003
  1.8423041830088645e-003
  1.8422404831927644e-003
  1.8422614822846631e-003
  1.8422614836570625e-003
  1.8425292782503044e-003
  1.8386823276004187e-003
  1.8404968771617378e-003
  1.8829716669493868e-003
  8.4906077711244179e-004
  9.9082692718056907e-004
  1.0067998528261075e-003
  1.0065974915285519e-003
  1.0066123100280679e-003
  1.0066121292805681e-003
  1.0066121161539793e-003
  1.0066116544607531e-003
  1.0066200140853437e-003
  1.0065721749599904e-003
  1.0065721796844794e-003
  1.0065497555163594e-003
  1.0095384359275954e-003
  9.8385969810894621e-004
  9.9531211532828223e-004
  1.4238306330786835e-003
  7.0689275695249491e-004
  7.1023393297155407e-004
  7.1027794774363546e-004
  7.1021820122787267e-004
  7.1021810679445423e-004
  7.1021788032917866e-004
  7.1021794268410891e-004
  7.1024004104480894e-004
  7.1024485966115927e-004
  7.1024485129644378e-004
  7.0981336032841880e-004
  7.0989788413384407e-004
  7.2342554955983805e-004
  6.2276909444907390e-004
  7.3537487552389157e-004
  1.0493821941629819e-003
  1.0361308072927872e-003
  1.0361403446829164e-003
  1.0361407737405845e-003
  1.0361407353779702e-003
  1.0361407122982092e-003
  1.0361407183342034e-003
  1.0361216668927833e-003
  1.0361279395597796e-003
  1.0361279399720433e-003
  1.0362569695504297e-003
  1.0342245384579712e-003
  1.0353388098161898e-003
  1.0591509452735142e-003
  4.7699261913478514e-004
  5.5709826894424145e-004
  5.6609721293795915e-004
  5.6600854502202752e-004
  5.6601163530563530e-004
  5.6601160149290339e-004
  5.6601159862433288e-004
  5.6601151410418094e-004
  5.6601402744494214e-004
  5.6599970940019373e-004
  5.6599971081513036e-004
  5.6599949579938904e-004
  5.6751833086649158e-004
  5.5324730730238925e-004
  5.5974696833477019e-004
  8.0088615171552491e-004
  3.9730108827190337e-004
  3.9917188149867091e-004
  3.9919698961739188e-004
  3.9917603359006676e-004
  3.9917601497356904e-004
  3.9917597084386704e-004
  3.9917597970750505e-004
  3.9918261554462210e-004
  3.9918406648017783e-004
  3.9918406397210850e-004
  3.9895857014900877e-004
  3.9907229381086045e-004
  4.0651837315824370e-004
  3.4990768764232513e-004
  4.1349372501610268e-004
  5.9022283265904528e-004
  5.8278017685576059e-004
  5.8278309959615979e-004
  5.8278334372608960e-004
  5.8278332859016204e-004
  5.8278332407338024e-004
  5.8278332825555004e-004
  5.8277762329364655e-004
  5.8277949897154969e-004
  5.8277949909533446e-004
  5.8284394247083129e-004
  5.8175183209860652e-004
  5.8241195419157885e-004
  5.9577514407555823e-004
  2.6809948881471684e-004
  3.1328417523620661e-004
  3.1834881291580957e-004
  3.1830747828819685e-004
  3.1830768621384084e-004
  3.1830768134519591e-004
  3.1830768102539833e-004
  3.1830766659175005e-004
  3.1830842134077401e-004
  3.1830413386220473e-004
  3.1830413428608062e-004
  3.1830837045682277e-004
  3.1910065082978503e-004
  3.1114080018518575e-004
  3.1481732976866236e-004
  4.5049997783300623e-004
  2.2336904140667015e-004
  2.2442107339512945e-004
  2.2443542248045366e-004
  2.2442795295719080e-004
  2.2442794988036837e-004
  2.2442794032140212e-004
  2.2442793885840245e-004
  2.2442993015595272e-004
  2.2443036648821230e-004
  2.2443036573627101e-004
  2.2431022407131985e-004
  2.2439832328514039e-004
  2.2852396883751510e-004
  1.9668601179598127e-004
  2.3253560985242000e-004
  3.3198553426182041e-004
  3.2780242453861865e-004
  3.2780343449783993e-004
  3.2780359881258165e-004
  3.2780359183169936e-004
  3.2780359102612061e-004
  3.2780359253562603e-004
  3.2780188309334613e-004
  3.2780244439114148e-004
  3.2780244442829671e-004
  3.2783559699896682e-004
  3.2724121267236397e-004
  3.2762470407175309e-004
  3.3512940405688570e-004
  1.5073381791558529e-004
  1.7619361691182937e-004
  1.7904278309051544e-004
  1.7902242383539257e-004
  1.7902214371474611e-004
  1.7902214416734788e-004
  1.7902214428841345e-004
  1.7902214218231262e-004
  1.7902236870198445e-004
  1.7902108436199820e-004
  1.7902108448900761e-004
  1.7902503967126497e-004
  1.7944679504725556e-004
  1.7499576922651365e-004
  1.7707123905320212e-004
  2.5341057477669984e-004
  1.2560621937350529e-004
  1.4296643958246191e+001
  3.1790811409423316e+000
  1.2193536598873245e+000
  5.5684279660800351e-001
  2.7199994869926158e-001
  1.3837793582366356e-001
  7.2849772744789681e-002
  3.9616915361459899e-002
  2.2349811910633691e-002
  1.3075756633534261e-002
  7.9315286252771185e-003
  4.9602977139059524e-003
  3.1794991256584438e-003
  2.0769954307307712e-003
  1.3803342451139237e-003
  9.3012929508704510e-004
  6.3327244520279709e-004
  4.3494629809855188e-004
  3.0194052170465831e-004
  2.1106472671515941e-004
  1.4836934806721242e-004
  1.0482114067359647e-004
  1.4296643958246191e+001
  2.3395202386176592e+000
  5.3511974400384643e-001
  1.4760279814977981e-001
  4.7265709789373569e-002
  2.0948313713742870e-002
  8.9687527991809454e-003
  3.8173737890114514e-003
  1.6649744728994636e-003
  7.3231394893280891e-004
  3.3448718101745180e-004
  1.4533901361527405e-004
  6.5018571655361577e-005
  1.4296643958246191e+001
  1.2196012548904112e+000
  1.9384896085238312e-001
  4.6475158137464188e-002
  1.4456976712582158e-002
  5.1704412218600299e-003
  1.9190126452622676e-003
  7.2035028771753342e-004
  2.7137323161141390e-004
  1.0214716817522981e-004
  1.4296643958246191e+001
  1.3723839098549801e+001
  1.3388467217303853e+001
  1.3041851000461536e+001
  1.2426796063492333e+001
  1.1864097365141046e+001
  1.1190804315888419e+001
  1.0379020401450362e+001
  9.8135175601566900e+000
  9.5282234785883784e+000
  8.7751355534421922e+000
  8.2675868497324370e+000
  7.1233936574325813e+000
  6.4040041938408319e+000
  5.6639006323276373e+000
  3.7654601799146241e+000
  3.7654601799146241e+000
  3.7633028328675731e+000
  3.6722889623644392e+000
  3.6497597440921030e+000
  3.5286564485358287e+000
  3.2867591683807116e+000
  3.0543468826010196e+000
  2.9229262729146410e+000
  2.8396473800177855e+000
  2.7897320885294237e+000
  2.7147209193519948e+000
  2.6366728097232404e+000
  2.5747956278975521e+000
  2.4817982769376887e+000
  2.4683033254656821e+000
  2.3334443981636084e+000
  2.2691288796261802e+000
  2.1445190650158206e+000
  2.0166808993598520e+000
  1.9674982587000425e+000
  1.7703233590156546e+000
  1.6844959171120755e+000
  1.6051983153518290e+000
  1.5455620581397216e+000
  1.4010296729654128e+000
  1.2958634024910516e+000
  1.1202964863111642e+000
  9.4403001509964246e-001
  9.0730819314286593e-001
  9.0757382516908525e-001
  9.0757382516908525e-001
  9.0600822895762179e-001
  9.0207624891977423e-001
  8.8208239533953425e-001
  8.5045678534965941e-001
  8.1907300126557370e-001
  7.7422626478562739e-001
  7.4127080527868650e-001
  7.3061877998118041e-001
  7.2231417535093734e-001
  6.9993503065341423e-001
  6.7102822264830519e-001
  6.2707520226839142e-001
  5.9859922454225289e-001
  5.9435643829040752e-001
  5.3118802287444322e-001
  4.8061814416656828e-001
  4.4482133377032002e-001
  4.2746388167594146e-001
  3.9432532765155059e-001
  3.7009922715444538e-001
  3.5288196454613180e-001
  3.4152307281160210e-001
  3.3219123051786126e-001
  3.0487686217896642e-001
  2.9580406328967623e-001
  2.5031100013324631e-001
  2.4440547494368764e-001
  2.4351434654858695e-001
  2.4348062325536410e-001
  2.4348062325536410e-001
  2.4476885004839294e-001
  2.2804066832284031e-001
  2.1923062351583134e-001
  2.0972536422762589e-001
  2.0264468843682557e-001
  1.9613362907362891e-001
  1.9196879521295521e-001
  1.8915735319347546e-001
  1.8888282581435978e-001
  1.8379099181416553e-001
  1.8095565013128556e-001
  1.7059509489386518e-001
  1.7052360079109430e-001
  1.7050050433385869e-001
  1.4609255207105404e-001
  1.4015058910115016e-001
  1.3619368056232967e-001
  1.1882212040212846e-001
  1.0860967089214918e-001
  9.9857257317899059e-002
  9.3869719465379101e-002
  9.1380029004831734e-002
  8.4773535214309012e-002
  8.4004492661747796e-002
  8.1525778311537386e-002
  7.4950222107514758e-002
  7.3907460571991421e-002
  7.3389336365543997e-002
  7.3390552097976208e-002
  7.3390552097976208e-002
  7.3198674006386466e-002
  7.2844450653524989e-002
  7.2097468219927532e-002
  6.7320877163135742e-002
  6.2462104742156369e-002
  6.0031553501887776e-002
  5.8104647116958535e-002
  5.6652383664170858e-002
  5.5681148619478940e-002
  5.5524644286686263e-002
  5.5162405651394894e-002
  5.3137812913810131e-002
  5.3025686548659717e-002
  5.3022485530490819e-002
  4.7196745958197055e-002
  4.7110183868837495e-002
  4.3251759005526094e-002
  4.1249748051211378e-002
  3.8973842453322319e-002
  3.3497807874762843e-002
  3.2824111710340616e-002
  3.1503496912678501e-002
  3.0205892405275429e-002
  2.9933081273087529e-002
  2.8933698733408300e-002
  2.8264450043208284e-002
  2.8137876230711525e-002
  2.8132600274935669e-002
  2.8132574139141067e-002
  2.8132574139141067e-002
  2.8206299255830267e-002
  2.8130031165786842e-002
  2.7134990863219077e-002
  2.6449858446768421e-002
  2.5338741177451184e-002
  2.4914606477771387e-002
  2.4720979605183848e-002
  2.4427067891481927e-002
  2.4418088318943126e-002
  2.4364601225267516e-002
  2.4292468402744159e-002
  2.4118781925663177e-002
  2.4105631987817049e-002
  2.4105634739106940e-002
  2.0947687139664793e-002
  2.0316082502869957e-002
  2.0141904995245218e-002
  1.9516671599852445e-002
  1.6232490189544032e-002
  1.4876792514848131e-002
  1.4673114015307786e-002
  1.3766525265412407e-002
  1.3514113748816222e-002
  1.3277123028346560e-002
  1.3269429605255697e-002
  1.3219897319084305e-002
  1.3208536945229936e-002
  1.3201335417069682e-002
  1.3201301074291474e-002
  1.3201301074291474e-002
  1.3201773156496894e-002
  1.2982561744160806e-002
  1.2886133592358155e-002
  1.2679123234064660e-002
  1.1115577337365689e-002
  1.0976535856728116e-002
  1.0950225297323044e-002
  1.0623900675644362e-002
  1.0613322305434637e-002
  1.0568603994154668e-002
  1.0567712049385031e-002
  1.0555238470369550e-002
  1.0551877172973364e-002
  1.0551876581267109e-002
  8.9605758743499745e-003
  8.9446501874476045e-003
  8.8550679943802755e-003
  8.2284730051110904e-003
  6.5472902812142592e-003
  6.1664919078061008e-003
  5.8596244502466211e-003
  5.5468325263664650e-003
  5.5138297351511323e-003
  5.4956844892370144e-003
  5.4927389186840564e-003
  5.4861048136698566e-003
  5.4816354539182540e-003
  5.4810991989004956e-003
  5.4810983631879903e-003
  5.4810983631879903e-003
  5.4775471830512523e-003
  5.4654896161683529e-003
  5.4227128117108952e-003
  5.3101587861161077e-003
  4.5530119429538418e-003
  4.5597555312213408e-003
  4.5152493220102716e-003
  4.4236917013582740e-003
  4.4203375038535768e-003
  4.4170177870630186e-003
  4.4169902197031471e-003
  4.4163674677404150e-003
  4.4157499961153569e-003
  4.4157499156614139e-003
  3.8170880846402403e-003
  3.7913595488530483e-003
  3.7197383499049516e-003
  3.5478235996018429e-003
  2.8638767011432593e-003
  2.5443283167501645e-003
  2.4510071959066796e-003
  2.4151555744353534e-003
  2.3838839150637061e-003
  2.3802571295186235e-003
  2.3780281191122404e-003
  2.3776312235045866e-003
  2.3768239375142435e-003
  2.3768267670321837e-003
  2.3768265178445614e-003
  2.3768265178445614e-003
  2.3765905103272670e-003
  2.3640350655136449e-003
  2.3428095518037849e-003
  2.3219771061907973e-003
  2.0281300897255893e-003
  1.9944201851998695e-003
  1.9705390788032624e-003
  1.9565378590286737e-003
  1.9555699605951936e-003
  1.9545429041996428e-003
  1.9543828606086743e-003
  1.9541451696729823e-003
  1.9537324637151784e-003
  1.9537324230284379e-003
  1.6622974156503705e-003
  1.6504047354354927e-003
  1.6257414945903264e-003
  1.5287032656959420e-003
  1.2435334768775969e-003
  1.1052525980427442e-003
  1.0651510987683341e-003
  1.0525574456137670e-003
  1.0344327108799854e-003
  1.0341378876866270e-003
  1.0338665853993111e-003
  1.0337850114648483e-003
  1.0337481839343948e-003
  1.0337410620926883e-003
  1.0337408969187929e-003
  1.0337408969187929e-003
  1.0327735010469724e-003
  1.0279786155495021e-003
  1.0180641408078259e-003
  1.0033360724708339e-003
  8.7943002507975137e-004
  8.7174312105521882e-004
  8.6569620080649567e-004
  8.6172261875256718e-004
  8.6112892209977573e-004
  8.6096387074561002e-004
  8.6095597823110793e-004
  8.6093353469170674e-004
  8.6092451032398121e-004
  8.6092450785840431e-004
  7.3218167956661060e-004
  7.2637710848308206e-004
  7.1724380717898262e-004
  6.9067697199851074e-004
  5.6762185681464683e-004
  4.9169910019124913e-004
  4.7564813993423294e-004
  4.6948900221238090e-004
  4.6562877978040197e-004
  4.6546210850256325e-004
  4.6542915501700699e-004
  4.6542110411613291e-004
  4.6540869796099472e-004
  4.6540877149298500e-004
  4.6540877007344419e-004
  4.6540877007344419e-004
  4.6536146566401762e-004
  4.6272113245382035e-004
  4.5989427768391332e-004
  4.5528813995326321e-004
  4.0426671012149798e-004
  3.9756459350959877e-004
  3.9435398905792140e-004
  3.9140921658040547e-004
  3.9137945455837431e-004
  3.9132358712785372e-004
  3.9132226538695649e-004
  3.9132189574499139e-004
  3.9131607411404081e-004
  3.9131606863398706e-004
  3.3398784227272043e-004
  3.3247663242262420e-004
  3.2775024149229792e-004
  3.1275901696990987e-004
  2.4537599172422785e-004
  2.2292886550260728e-004
  2.1689398511255071e-004
  2.1284142106235769e-004
  2.1144600468892940e-004
  2.1136508357806207e-004
  2.1136292288057311e-004
  2.1136273699382097e-004
  2.1136214991825919e-004
  2.1136178152652020e-004
  2.1136178105941869e-004
  2.1136178105941869e-004
  2.1118073600634972e-004
  2.1070539154293474e-004
  2.0867866573032748e-004
  2.0632626196256576e-004
  1.7643256244346175e-004
  1.7394162608889697e-004
  1.7348048959505363e-004
  1.7229115359708945e-004
  1.7226021260162623e-004
  1.7225067343212166e-004
  1.7225035967621154e-004
  1.7225010128361901e-004
  1.7225005205150377e-004
  1.7225005123714114e-004
  1.4530614463873691e-004
  1.4440730262599592e-004
  1.4093162001921141e-004
  1.3649173332774356e-004
  1.0681301061679848e-004
  9.6470010390180540e-005
  9.3275390516863127e-005
  9.1721380004736050e-005
  9.1431293399495535e-005
  9.1418322504483376e-005
  9.1417694731695955e-005
  9.1417633929950331e-005
  9.1417431792601534e-005
  9.1417438922014398e-005
  9.1417438916409534e-005
  9.1417438916409534e-005
  9.1399326675290006e-005
  9.1042777822860130e-005
  8.9577594160663324e-005
  8.8707994907347360e-005
  7.6742497040197891e-005
  7.5709457436900400e-005
  7.5386142530908665e-005
  7.4706835267995272e-005
  7.4707788639505834e-005
  7.4704213345177213e-005
  7.4704202743555717e-005
  7.4704194197871049e-005
  7.4704107030331085e-005
  7.4704107023534588e-005
  1.4296643958246191e+001
  1.3723839098549801e+001
  1.3388467217303853e+001
  1.3041851000461536e+001
  1.2426796063492333e+001
  1.1864097365141046e+001
  1.1190804315888419e+001
  1.0379020401450362e+001
  9.8135175601566900e+000
  9.5282234785883784e+000
  8.7751355534421922e+000
  8.2675868497324370e+000
  7.1233936574325813e+000
  6.4040041938408319e+000
  5.6639006323276373e+000
  3.7654601799146241e+000
  3.7654601799146241e+000
  3.7633028328675731e+000
  3.6722889623644392e+000
  3.6497597440921030e+000
  3.5286564485358287e+000
  3.2867591683807116e+000
  3.0543468826010196e+000
  2.9229262729146410e+000
  2.8396473800177855e+000
  2.7897320885294237e+000
  2.7147209193519948e+000
  2.6366728097232404e+000
  2.5747956278975521e+000
  2.4817982769376887e+000
  2.4683033254656821e+000
  2.4661415902570183e+000
  2.3890503714273108e+000
  2.3047218037993269e+000
  2.2218490464416019e+000
  2.3112004920945490e+000
  2.1168408017310782e+000
  2.1075846006871184e+000
  2.0567893390554688e+000
  2.0251473138479308e+000
  1.8909423426799201e+000
  1.8137165884049913e+000
  1.7203741527932903e+000
  1.6488770450256098e+000
  1.6172749963985731e+000
  1.6175584783260804e+000
  1.2174857705117661e+000
  1.1893407015434208e+000
  1.1257942977348263e+000
  1.0686834567467625e+000
  9.5792072299548403e-001
  8.7752496028504789e-001
  8.0766643712089592e-001
  7.6567863250605106e-001
  7.4572857345698829e-001
  7.1670804528219434e-001
  6.7932039602826577e-001
  6.3597001219467197e-001
  5.5868561601275191e-001
  5.4359852490078742e-001
  5.3878994224429055e-001
  5.3878994224429055e-001
  5.3956510620464870e-001
  5.3275626879907301e-001
  5.1559743327100460e-001
  4.8426647507221038e-001
  4.1813508448841513e-001
  3.6754518866215469e-001
  3.5926806349127588e-001
  3.5513528709245523e-001
  3.5116986934309441e-001
  3.4309577316902201e-001
  3.3945638027491898e-001
  3.3365337301995734e-001
  3.2322275573284176e-001
  3.2309989921222476e-001
  3.2219199827504019e-001
  3.1268154981301399e-001
  3.0998627408794344e-001
  3.1060935732195599e-001
  3.6325884878913728e-001
  3.3760948000875424e-001
  3.3077375741618920e-001
  3.2871614451309727e-001
  3.2641739343093462e-001
  3.1897364347590890e-001
  3.1466462106582344e-001
  2.9967247477395365e-001
  2.9848919797615325e-001
  2.9775356566473021e-001
  2.9774519298485080e-001
  1.9370432588996567e-001
  1.9284866050409075e-001
  1.8534836860495515e-001
  1.8012744508351020e-001
  1.2950887575327619e-001
  1.2689942969650195e-001
  1.1475353623899376e-001
  1.0960044758056317e-001
  1.0829964187463835e-001
  1.0673448618504028e-001
  1.0381426186061868e-001
  1.0037464933913168e-001
  8.5453341050995335e-002
  8.6434867286606432e-002
  8.6418404152943967e-002
  8.6418404152943967e-002
  8.6320682635107504e-002
  8.6055484767295978e-002
  8.4125676216115941e-002
  8.1982848986996412e-002
  5.9367739517711501e-002
  5.3637581541798034e-002
  5.2718165745908228e-002
  5.2252830270045306e-002
  5.2140074216798983e-002
  5.1809853064243641e-002
  5.1700077152558428e-002
  5.1448854001511897e-002
  4.7904535814966655e-002
  4.7903642758265551e-002
  4.7889694006528483e-002
  4.7094377130903989e-002
  4.6913098227159188e-002
  4.5983391476137919e-002
  5.9322442435356025e-002
  5.7304805176984733e-002
  5.6903688236882154e-002
  5.6785409811758995e-002
  5.6569023688978773e-002
  5.6052737729451067e-002
  5.5155218233298713e-002
  5.3739956610764979e-002
  5.4819039083942492e-002
  5.4811618122823029e-002
  5.4811027243051806e-002
  4.6447612461811255e-002
  4.6332036620119199e-002
  4.5554566875816493e-002
  4.4882516921707083e-002
  2.9101740872406100e-002
  3.1560039193195881e-002
  3.0681715147809582e-002
  3.0310137792731780e-002
  3.0175494488535976e-002
  3.0072639038196718e-002
  2.9903889851764103e-002
  2.9609168767829409e-002
  2.7273394701029543e-002
  2.7784331989886286e-002
  2.7784347682421537e-002
  2.7784347682421537e-002
  2.7772382835473938e-002
  2.7727059852580123e-002
  2.7370903103086219e-002
  2.7060784671970230e-002
  1.8717949141486365e-002
  1.7877977773483100e-002
  1.7827041327340976e-002
  1.7812989919242458e-002
  1.7807616865478753e-002
  1.7778523075827991e-002
  1.7768970339447805e-002
  1.7767253664810287e-002
  1.6895320689336954e-002
  1.6895385380323560e-002
  1.6883797670529391e-002
  1.6811229163394573e-002
  1.6745161755053282e-002
  1.6197234052065114e-002
  1.9732498713996866e-002
  1.9487701267985956e-002
  1.9496546388602987e-002
  1.9456837108163965e-002
  1.9446371854715452e-002
  1.9420492416387165e-002
  1.9335018019511936e-002
  1.9245005029506029e-002
  1.9553129014910887e-002
  1.9553513006116383e-002
  1.9553445109783477e-002
  1.4452979382445457e-002
  1.4423369751938170e-002
  1.4293029836836245e-002
  1.4236413864328175e-002
  8.6097034355547501e-003
  8.6039988745792544e-003
  8.5582843891184104e-003
  8.5301558530048276e-003
  8.5028121502000661e-003
  8.4916455941619617e-003
  8.4793442348517871e-003
  8.4426284618012593e-003
  7.9788201697298736e-003
  8.0815430937715271e-003
  8.0815470374725161e-003
  8.0815470374725161e-003
  8.0810013728272231e-003
  8.0758982438754526e-003
  8.0085305807667331e-003
  8.0014225333414381e-003
  6.1404805644057767e-003
  6.0905693017907362e-003
  6.0827722793926958e-003
  6.0812293083029436e-003
  6.0811090659595437e-003
  6.0787899941951431e-003
  6.0780816743641244e-003
  6.0773229962507620e-003
  5.9194184911692512e-003
  5.9194287109934855e-003
  5.9180818052417764e-003
  5.9173398951953230e-003
  5.9159068980950986e-003
  5.7867716495298861e-003
  5.8622195399470074e-003
  5.8650775175982323e-003
  5.8630975310146631e-003
  5.8557094920835308e-003
  5.8541620921017338e-003
  5.8528805103740525e-003
  5.8462853457493975e-003
  5.8437040630101370e-003
  5.9090704538664694e-003
  5.9090035078115917e-003
  5.9089898412707570e-003
  5.1703456994168359e-003
  5.1681437846046643e-003
  5.1484235793363576e-003
  5.1403538980995143e-003
  3.5085093810118865e-003
  3.4476683564058537e-003
  3.4479350371921539e-003
  3.4450644125254069e-003
  3.4413298907085203e-003
  3.4402673706722940e-003
  3.4394002328943809e-003
  3.4364308767073064e-003
  3.3631960529793932e-003
  3.3821437063848154e-003
  3.3821437384492100e-003
  3.3821437384492100e-003
  3.3821839580766779e-003
  3.3815805014073930e-003
  3.3645866747551495e-003
  3.3639629051396033e-003
  2.6357631645530146e-003
  2.6220861492999474e-003
  2.6212176436190868e-003
  2.6206673674416987e-003
  2.6206527740619784e-003
  2.6203681591798829e-003
  2.6202823357876618e-003
  2.6200759562362555e-003
  2.5941346867658444e-003
  2.5941366606556035e-003
  2.5939300086991681e-003
  2.5936628802160967e-003
  2.5928836924766470e-003
  2.5329993293807989e-003
  2.4998586431160181e-003
  2.5011514249845142e-003
  2.4974488587588329e-003
  2.4962615326777496e-003
  2.4960891959465081e-003
  2.4960358480950453e-003
  2.4954464178015365e-003
  2.4954344135722979e-003
  2.5064625638485001e-003
  2.5064371019604213e-003
  2.5064348812860282e-003
  1.9190113288910663e-003
  1.9188566947387251e-003
  1.9097246374800111e-003
  1.9065197659272066e-003
  1.1553560337561500e-003
  1.1206872930592025e-003
  1.1186004875421867e-003
  1.1176273794530056e-003
  1.1168395196271255e-003
  1.1166956121582774e-003
  1.1165966924733270e-003
  1.1162432055969002e-003
  1.1019728015233010e-003
  1.1050423848427261e-003
  1.1050424579811357e-003
  1.1050424579811357e-003
  1.1050416908139186e-003
  1.1050392802370219e-003
  1.0991820016194582e-003
  1.0991013260981688e-003
  8.6238141053064210e-004
  8.5871919735885666e-004
  8.5871111901521236e-004
  8.5860264017781828e-004
  8.5860099381622089e-004
  8.5857744885880875e-004
  8.5856833486543484e-004
  8.5853753992527944e-004
  8.5378445728547447e-004
  8.5378473155271685e-004
  8.5377179970283945e-004
  8.5342935230484161e-004
  8.5310103483180833e-004
  8.3633494537999520e-004
  8.2055901912757659e-004
  8.1982462086812040e-004
  8.1806253041647381e-004
  8.1780437298422477e-004
  8.1780302418937596e-004
  8.1779234514468000e-004
  8.1774662735458067e-004
  8.1774863987737318e-004
  8.1978625092476737e-004
  8.1978271714078503e-004
  8.1978231608951428e-004
  7.2034490739504846e-004
  7.2031590007794004e-004
  7.1790506211235228e-004
  7.1722280049395487e-004
  4.8938126883148420e-004
  4.7700477110006981e-004
  4.7665957380251531e-004
  4.7652486841391893e-004
  4.7641611103006780e-004
  4.7640331278734222e-004
  4.7639477289973851e-004
  4.7636585187156398e-004
  4.7411792326796103e-004
  4.7470519634241196e-004
  4.7470519575070104e-004
  4.7470519575070104e-004
  4.7469887124535013e-004
  4.7468995157107084e-004
  4.7272312981730397e-004
  4.7266770741439439e-004
  3.7166560009351218e-004
  3.7003959079831393e-004
  3.7003587123711110e-004
  3.7000583284874680e-004
  3.7000563457874444e-004
  3.7000221697836808e-004
  3.7000134119809046e-004
  3.6999730179931341e-004
  3.6922585323907519e-004
  3.6922591659002875e-004
  3.6922330241141038e-004
  3.6903850834499752e-004
  3.6895045873675528e-004
  3.6074024540106743e-004
  3.5381313069682117e-004
  3.5367048824641860e-004
  3.5296362748891356e-004
  3.5291820208028515e-004
  3.5291574361311063e-004
  3.5291476953027296e-004
  3.5291019793142115e-004
  3.5290988480041956e-004
  3.5324060200583787e-004
  3.5324001189415558e-004
  3.5323994380252874e-004
  2.7136622824674159e-004
  2.7135676267307806e-004
  2.6991048925988418e-004
  2.6956583060073959e-004
  1.6297005633517274e-004
  1.5703082331366822e-004
  1.5688604840485861e-004
  1.5683237192297585e-004
  1.5680805376664980e-004
  1.5680621254316005e-004
  1.5680503844300235e-004
  1.5680165763509087e-004
  1.5638651862588847e-004
  1.5646824546358719e-004
  1.5646824828258380e-004
  1.5646824828258380e-004
  1.5646262654667699e-004
  1.5646171507151902e-004
  1.5557957651373837e-004
  1.5556822631232248e-004
  1.2223344946661106e-004
  1.2165218269289148e-004
  1.2165168308228307e-004
  1.2164636963622431e-004
  1.2164627135035700e-004
  1.2164601823863413e-004
  1.2164592803942460e-004
  1.2164543545233617e-004
  1.2150697402226944e-004
  1.2150698095327907e-004
  1.2150690126652923e-004
  1.2144914852389901e-004
  1.2140703946620343e-004
  1.1904526081729194e-004
  1.1641361475931172e-004
  1.1636668981736498e-004
  1.1615319065447784e-004
  1.1614382540597695e-004
  1.1614374118541372e-004
  1.1614353834369069e-004
  1.1614315964984468e-004
  1.1614304033973499e-004
  1.1620256997169434e-004
  1.1620250020226035e-004
  1.1620248875681578e-004
