9.50129285147175e-01
2.31138513574288e-01
6.06842583541787e-01
4.85982468709300e-01
8.91298966148902e-01
7.62096833027395e-01
4.56467665168341e-01
1.85036432482244e-02
8.21407164295253e-01
4.44703364353194e-01
6.15432348100095e-01
7.91937037427035e-01
9.21812970744803e-01
7.38207245810665e-01
1.76266144494618e-01
4.05706213062095e-01
9.35469699107605e-01
9.16904439913408e-01
4.10270206990945e-01
8.93649530913534e-01
5.78913047842686e-02
3.52868132217000e-01
8.13166497303758e-01
9.86130066092356e-03
1.38890881956950e-01
2.02765218560273e-01
1.98721742661490e-01
6.03792479193819e-01
2.72187924969960e-01
1.98814267761062e-01
1.52739270290363e-02
7.46785676564429e-01
4.45096432287947e-01
9.31814578461665e-01
4.65994341675424e-01
4.18649467727506e-01
8.46221417824324e-01
5.25152496305172e-01
2.02647357650387e-01
6.72137468474288e-01
8.38118445052387e-01
1.96395138648175e-02
6.81277161282135e-01
3.79481018027998e-01
8.31796017609607e-01
5.02812883996251e-01
7.09471392703387e-01
4.28892365340997e-01
3.04617366869394e-01
1.89653747547175e-01
1.93431156405215e-01
6.82223223591384e-01
3.02764400776609e-01
5.41673853898088e-01
1.50872976149765e-01
6.97898481859863e-01
3.78373000512671e-01
8.60011604886820e-01
8.53655130662768e-01
5.93562912539682e-01
4.96552449703103e-01
8.99769175169610e-01
8.21629160735343e-01
6.44910384193844e-01
8.17974340839245e-01
6.60227556441602e-01
3.41970618270216e-01
2.89725895856238e-01
3.41193569414883e-01
5.34079017626600e-01
7.27113216929677e-01
3.09290159790958e-01
8.38496044938080e-01
5.68072461007776e-01
3.70413556632117e-01
7.02739913240377e-01
5.46571151829106e-01
4.44880204672912e-01
6.94567240425548e-01
6.21310130795413e-01
7.94821080200926e-01
9.56843448444877e-01
5.22590349080708e-01
8.80142207411327e-01
1.72956141275237e-01
9.79746896788841e-01
2.71447258641800e-01
2.52329346873990e-01
8.75741899818074e-01
7.37305988465256e-01
1.36518742259710e-01
1.17566873531180e-02
8.93897966445253e-01
1.99138067205738e-01
2.98723012102214e-01
6.61442576382325e-01
2.84408589749945e-01
4.69224285211001e-01
6.47811229632725e-02
9.88334938277631e-01
5.82791681561231e-01
4.23496256851051e-01
5.15511752140763e-01
3.33951479971759e-01
4.32906596106729e-01
2.25949868144447e-01
5.79806873249599e-01
7.60365009804344e-01
5.29823116716066e-01
6.40526498989835e-01
2.09069404438420e-01
3.79818370350791e-01
7.83328649867713e-01
6.80845751397230e-01
4.61095126656699e-01
5.67828712428834e-01
7.94210651372615e-01
5.91825934710711e-02
6.02869085666992e-01
5.02688037468729e-02
4.15374860443223e-01
3.04998677003492e-01
8.74367171587626e-01
1.50094986766163e-02
7.67950390011141e-01
9.70844939255623e-01
9.90082592613063e-01
7.88861692233753e-01
4.38658533770912e-01
4.98311303448480e-01
2.13963331596166e-01
6.43492287885350e-01
3.20035577466497e-01
9.60098600369011e-01
7.26631766641898e-01
4.11953208168645e-01
7.44565783106155e-01
2.67947250709374e-01
4.39924309565342e-01
9.33380108189590e-01
6.83332324338485e-01
2.12559864338737e-01
8.39238240336195e-01
6.28784600024074e-01
1.33772748473426e-01
2.07132729641355e-01
6.07198944539530e-01
6.29887848842308e-01
3.70476826051896e-01
5.75147779047468e-01
4.51424826762477e-01
4.38953253471440e-02
2.71851229966747e-02
3.12685048080145e-01
1.28625746729975e-02
3.83967288494302e-01
6.83115967804600e-01
9.28424617409198e-02
3.53383239691556e-02
6.12395481373022e-01
6.08540361223992e-01
1.57598179197507e-02
1.63549335499965e-02
1.90074589079726e-01
5.86918471884673e-01
5.75810898782885e-02
3.67568038826344e-01
6.31451164744443e-01
7.17634421465697e-01
6.92669394717788e-01
8.40790607504446e-02
4.54355149755552e-01
4.41828296906342e-01
3.53250455000691e-01
1.53606362523492e-01
6.75644649633412e-01
6.99213327741262e-01
7.27509129217931e-01
4.78384380956657e-01
5.54841986341677e-01
1.21047113036414e-01
4.50753940979387e-01
7.15882948172974e-01
8.92841608145753e-01
2.73102470225142e-01
2.54769295562283e-01
8.65603477744752e-01
2.32350370627532e-01
8.04871744115706e-01
9.08397543448518e-01
2.31894318112325e-01
2.39312564468985e-01
4.97544840712497e-02
7.83840747700451e-02
6.40815409870017e-01
1.90886570397560e-01
8.43869498874358e-01
1.73900248461784e-01
1.70792813741680e-01
9.94295490513920e-01
4.39790856946380e-01
3.40047948855690e-01
3.14217310544029e-01
3.65078386928670e-01
3.93239551206458e-01
5.91525203746446e-01
1.19746616951808e-01
3.81287967673712e-02
4.58597954664957e-01
8.69867350407008e-01
9.34236518917623e-01
2.64449166149274e-01
1.60300339197180e-01
8.72855257019629e-01
2.37880307735566e-01
6.45831249974989e-01
9.66887420908931e-01
6.64931211925344e-01
8.70381025905977e-01
9.92730476334751e-03
1.37009891707620e-01
8.18755826514278e-01
4.30166049046897e-01
8.90321723769428e-01
7.34908211765946e-01
6.87323591604101e-01
3.46111967741174e-01
1.66034738777219e-01
1.55612576317054e-01
1.91116311419942e-01
4.22451525887539e-01
8.55975707280748e-01
4.90249987016036e-01
8.15934768966836e-01
4.60769831413484e-01
4.57354380247500e-01
4.50688881632721e-01
4.12219061020038e-01
9.01609824765245e-01
5.58393919753799e-03
2.97405678959259e-01
4.91624890960857e-02
6.93180453256085e-01
6.50106409912471e-01
9.82987782046427e-01
5.52673243443625e-01
4.00073515840524e-01
1.98788519777836e-01
6.25201022867322e-01
7.33362801891435e-01
3.75885481683137e-01
9.87646289878581e-03
4.19857806310219e-01
7.53669625813587e-01
7.93871774732319e-01
9.19957206695871e-01
8.44721501908175e-01
3.67752882468284e-01
6.20801331821144e-01
7.31277264466345e-01
1.93893179984668e-01
9.04812334166357e-01
5.69205749671747e-01
6.31789929221756e-01
2.34412955408254e-01
5.48782125538588e-01
9.31583352579691e-01
3.35197430206395e-01
6.55531055012014e-01
3.91904206889003e-01
6.27314788083997e-01
6.99080137745338e-01
3.97183953792615e-01
4.13628895338180e-01
6.55212946355671e-01
8.37585098831857e-01
3.71608032242662e-01
4.25253158482651e-01
5.94663371452568e-01
5.65738572085715e-01
7.16542397250049e-01
5.11311448168898e-01
7.76401211933492e-01
4.89345475898499e-01
1.85904451225223e-01
7.00635405146117e-01
9.82708801906261e-01
8.06637749288743e-01
7.03567655003597e-01
4.84963719324568e-01
1.14612821170640e-01
6.64855567140206e-01
