9.50129285147175e-01 
2.31138513574288e-01 
6.06842583541787e-01 
4.85982468709300e-01 
8.91298966148902e-01 
7.62096833027395e-01 
4.56467665168341e-01 
1.85036432482244e-02 
8.21407164295253e-01 
4.44703364353194e-01 
6.15432348100095e-01 
7.91937037427035e-01 
9.21812970744803e-01 
7.38207245810665e-01 
1.76266144494618e-01 
4.05706213062095e-01 
9.35469699107605e-01 
9.16904439913408e-01 
4.10270206990945e-01 
8.93649530913534e-01 
5.78913047842686e-02 
3.52868132217000e-01 
8.13166497303758e-01 
9.86130066092356e-03 
1.38890881956950e-01 
2.02765218560273e-01 
1.98721742661490e-01 
6.03792479193819e-01 
2.72187924969960e-01 
1.98814267761062e-01 
1.52739270290363e-02 
7.46785676564429e-01 
4.45096432287947e-01 
9.31814578461665e-01 
4.65994341675424e-01 
4.18649467727506e-01 
8.46221417824324e-01 
5.25152496305172e-01 
2.02647357650387e-01 
6.72137468474288e-01 
8.38118445052387e-01 
1.96395138648175e-02 
6.81277161282135e-01 
3.79481018027998e-01 
8.31796017609607e-01 
5.02812883996251e-01 
7.09471392703387e-01 
4.28892365340997e-01 
3.04617366869394e-01 
1.89653747547175e-01 
1.93431156405215e-01 
6.82223223591384e-01 
3.02764400776609e-01 
5.41673853898088e-01 
1.50872976149765e-01 
6.97898481859863e-01 
3.78373000512671e-01 
8.60011604886820e-01 
8.53655130662768e-01 
5.93562912539682e-01 
4.96552449703103e-01 
8.99769175169610e-01 
8.21629160735343e-01 
6.44910384193844e-01 
8.17974340839245e-01 
6.60227556441602e-01 
3.41970618270216e-01 
2.89725895856238e-01 
3.41193569414883e-01 
5.34079017626600e-01 
7.27113216929677e-01 
3.09290159790958e-01 
8.38496044938080e-01 
5.68072461007776e-01 
3.70413556632117e-01 
7.02739913240377e-01 
5.46571151829106e-01 
4.44880204672912e-01 
6.94567240425548e-01 
6.21310130795413e-01 
7.94821080200926e-01 
9.56843448444877e-01 
5.22590349080708e-01 
8.80142207411327e-01 
1.72956141275237e-01 
9.79746896788841e-01 
2.71447258641800e-01 
2.52329346873990e-01 
8.75741899818074e-01 
7.37305988465256e-01 
1.36518742259710e-01 
1.17566873531180e-02 
8.93897966445253e-01 
1.99138067205738e-01 
2.98723012102214e-01 
6.61442576382325e-01 
2.84408589749945e-01 
4.69224285211001e-01 
6.47811229632725e-02 
9.88334938277631e-01 
5.82791681561231e-01 
4.23496256851051e-01 
5.15511752140763e-01 
3.33951479971759e-01 
4.32906596106729e-01 
2.25949868144447e-01 
5.79806873249599e-01 
7.60365009804344e-01 
5.29823116716066e-01 
6.40526498989835e-01 
2.09069404438420e-01 
3.79818370350791e-01 
7.83328649867713e-01 
6.80845751397230e-01 
4.61095126656699e-01 
5.67828712428834e-01 
7.94210651372615e-01 
5.91825934710711e-02 
6.02869085666992e-01 
5.02688037468729e-02 
4.15374860443223e-01 
3.04998677003492e-01 
8.74367171587626e-01 
1.50094986766163e-02 
7.67950390011141e-01 
9.70844939255623e-01 
9.90082592613063e-01 
7.88861692233753e-01 
4.38658533770912e-01 
4.98311303448480e-01 
2.13963331596166e-01 
6.43492287885350e-01 
3.20035577466497e-01 
9.60098600369011e-01 
7.26631766641898e-01 
4.11953208168645e-01 
7.44565783106155e-01 
2.67947250709374e-01 
4.39924309565342e-01 
9.33380108189590e-01 
6.83332324338485e-01 
2.12559864338737e-01 
8.39238240336195e-01 
6.28784600024074e-01 
1.33772748473426e-01 
2.07132729641355e-01 
6.07198944539530e-01 
6.29887848842308e-01 
3.70476826051896e-01 
5.75147779047468e-01 
4.51424826762477e-01 
4.38953253471440e-02 
2.71851229966747e-02 
3.12685048080145e-01 
1.28625746729975e-02 
3.83967288494302e-01 
6.83115967804600e-01 
9.28424617409198e-02 
3.53383239691556e-02 
6.12395481373022e-01 
6.08540361223992e-01 
1.57598179197507e-02 
1.63549335499965e-02 
1.90074589079726e-01 
5.86918471884673e-01 
5.75810898782885e-02 
3.67568038826344e-01 
6.31451164744443e-01 
7.17634421465697e-01 
6.92669394717788e-01 
8.40790607504446e-02 
4.54355149755552e-01 
4.41828296906342e-01 
3.53250455000691e-01 
1.53606362523492e-01 
6.75644649633412e-01 
6.99213327741262e-01 
7.27509129217931e-01 
4.78384380956657e-01 
5.54841986341677e-01 
1.21047113036414e-01 
4.50753940979387e-01 
7.15882948172974e-01 
8.92841608145753e-01 
2.73102470225142e-01 
2.54769295562283e-01 
8.65603477744752e-01 
2.32350370627532e-01 
8.04871744115706e-01 
9.08397543448518e-01 
2.31894318112325e-01 
2.39312564468985e-01 
4.97544840712497e-02 
7.83840747700451e-02 
6.40815409870017e-01 
1.90886570397560e-01 
8.43869498874358e-01 
1.73900248461784e-01 
1.70792813741680e-01 
9.94295490513920e-01 
4.39790856946380e-01 
3.40047948855690e-01 
3.14217310544029e-01 
3.65078386928670e-01 
3.93239551206458e-01 
5.91525203746446e-01 
1.19746616951808e-01 
3.81287967673712e-02 
4.58597954664957e-01 
8.69867350407008e-01 
9.34236518917623e-01 
2.64449166149274e-01 
1.60300339197180e-01 
8.72855257019629e-01 
2.37880307735566e-01 
6.45831249974989e-01 
9.66887420908931e-01 
6.64931211925344e-01 
8.70381025905977e-01 
9.92730476334751e-03 
1.37009891707620e-01 
8.18755826514278e-01 
4.30166049046897e-01 
8.90321723769428e-01 
7.34908211765946e-01 
6.87323591604101e-01 
3.46111967741174e-01 
1.66034738777219e-01 
1.55612576317054e-01 
1.91116311419942e-01 
4.22451525887539e-01 
8.55975707280748e-01 
4.90249987016036e-01 
8.15934768966836e-01 
4.60769831413484e-01 
4.57354380247500e-01 
4.50688881632721e-01 
4.12219061020038e-01 
9.01609824765245e-01 
5.58393919753799e-03 
2.97405678959259e-01 
4.91624890960857e-02 
6.93180453256085e-01 
6.50106409912471e-01 
9.82987782046427e-01 
5.52673243443625e-01 
4.00073515840524e-01 
1.98788519777836e-01 
6.25201022867322e-01 
7.33362801891435e-01 
3.75885481683137e-01 
9.87646289878581e-03 
4.19857806310219e-01 
7.53669625813587e-01 
7.93871774732319e-01 
9.19957206695871e-01 
8.44721501908175e-01 
3.67752882468284e-01 
6.20801331821144e-01 
7.31277264466345e-01 
1.93893179984668e-01 
9.04812334166357e-01 
5.69205749671747e-01 
6.31789929221756e-01 
2.34412955408254e-01 
5.48782125538588e-01 
9.31583352579691e-01 
3.35197430206395e-01 
6.55531055012014e-01 
3.91904206889003e-01 
6.27314788083997e-01 
6.99080137745338e-01 
3.97183953792615e-01 
4.13628895338180e-01 
6.55212946355671e-01 
8.37585098831857e-01 
3.71608032242662e-01 
4.25253158482651e-01 
5.94663371452568e-01 
5.65738572085715e-01 
7.16542397250049e-01 
5.11311448168898e-01 
7.76401211933492e-01 
4.89345475898499e-01 
1.85904451225223e-01 
7.00635405146117e-01 
9.82708801906261e-01 
8.06637749288743e-01 
7.03567655003597e-01 
4.84963719324568e-01 
1.14612821170640e-01 
6.64855567140206e-01 
3.65373891689121e-01 
1.40044456534731e-01 
5.66772800303106e-01 
8.23008314290667e-01 
6.73948632095360e-01 
9.99447304949401e-01 
9.61636407148570e-01 
5.88621654555898e-02 
3.60311170919780e-01 
5.48512813734601e-01 
2.61769569871793e-01 
5.97344847933844e-01 
4.92779965960143e-02 
5.71057494384665e-01 
7.00857233237331e-01 
9.62288258717162e-01 
7.50518231944267e-01 
7.39993045378475e-01 
4.31873385606973e-01 
6.34265956315476e-01 
8.03026340231930e-01 
8.38810070010343e-02 
9.45462787910387e-01 
9.15942459894122e-01 
6.01987423638004e-01 
2.53560578732331e-01 
8.73450805540393e-01 
5.13400709996277e-01 
7.32650649129393e-01 
4.22226586119395e-01 
9.61369998856310e-01 
7.20592385520089e-02 
5.53407968030385e-01 
2.91983921142441e-01 
8.57963513084075e-01 
3.35755138686210e-01 
6.80203850370507e-01 
5.34444213184863e-02 
3.56655537277596e-01 
4.98304596035533e-01 
4.34440538220294e-01 
5.62458417107347e-01 
6.16621130165464e-01 
1.13339980898555e-01 
8.98251740613135e-01 
7.54551375238652e-01 
7.91123195710668e-01 
8.14952067933229e-01 
6.70003864893682e-01 
2.00876412295162e-01 
2.73088161546966e-01 
6.26234638650507e-01 
5.36851694817506e-01 
5.95040509204997e-02 
8.89617594753248e-02 
2.71308174381700e-01 
4.09072315771053e-01 
4.74041450374479e-01 
9.08989349035315e-01 
5.96247138105724e-01 
3.28955302164040e-01 
4.78194425725346e-01 
5.97170779260345e-01 
1.61448754899951e-01 
8.29474250873860e-01 
9.56122406354877e-01 
5.95547995202030e-01 
2.87482132114897e-02 
8.12117818859680e-01 
6.10113576159260e-01 
7.01492600862577e-01 
9.21962027196727e-02 
4.24889141308687e-01 
3.75576658455746e-01 
1.66154080984799e-01 
8.33151459452637e-01 
8.38639704658968e-01 
4.51614029246063e-01 
9.56601381739872e-01 
1.47153236456383e-01 
8.69932929868067e-01 
7.69436400155177e-01 
4.44161615703972e-01 
6.20620120992860e-01 
9.51689280797501e-01 
6.40009655546552e-01 
2.47327629069328e-01 
3.52701994753117e-01 
1.87860480497763e-01 
4.90644358115534e-01 
4.09274329154507e-01 
4.63525583776402e-01 
6.10943549872493e-01 
7.11684658715550e-02 
3.14280289141936e-01 
6.08383655197737e-01 
1.75020181950368e-01 
6.21027433549593e-01 
2.45959933766769e-01 
5.87358215155892e-01 
5.06053453825269e-01 
4.64778923817863e-01 
5.41418930289531e-01 
9.42326569495942e-01 
3.41759090070411e-01 
4.01804342573024e-01 
3.07687935458531e-01 
4.11567959332611e-01 
2.85939232397199e-01 
3.94127611185835e-01 
5.03014485512179e-01 
7.21979846340971e-01 
3.06208545456985e-01 
1.12163711891165e-01 
4.43289959944629e-01 
4.66762552170350e-01 
1.46688752793496e-02 
6.64051866024621e-01 
7.24061708709863e-01 
2.81633603012455e-01 
2.61818678105715e-01 
7.08471404865441e-01 
7.83859022804885e-01 
9.86157806561981e-01 
4.73342705401132e-01 
9.02818834269126e-01 
4.51058761205271e-01 
8.04516808639604e-01 
8.28864476260923e-01 
1.66270116697373e-01 
3.93906005319646e-01 
5.20757484374072e-01 
7.18123972280367e-01 
5.69189518767427e-01 
4.60806173325986e-01 
4.45307053406823e-01 
8.77446061239900e-02 
4.43483215233427e-01 
3.66299845994657e-01 
3.02533818523747e-01 
8.51844697332344e-01 
7.59479387879959e-01 
9.49759284629122e-01 
5.57938509046651e-01 
1.42330159232998e-02 
5.96177084491616e-01 
8.16205709161963e-01 
9.77092354841512e-01 
2.21908079540528e-01 
7.03683667405754e-01 
5.22060915302574e-01 
9.32897056651715e-01 
7.13354443511850e-01 
2.28038902927899e-01 
4.49642104669300e-01 
1.72199695483011e-01 
9.68820143235750e-01 
3.55716104457037e-01 
4.90468281296755e-02 
7.55338571791741e-01 
8.94812763476705e-01 
2.86149650454876e-01 
2.51200546282679e-01 
9.32736191357690e-01 
1.30982469123647e-01 
9.40819542293816e-01 
7.01853173570479e-01 
8.47676468179462e-01 
2.09271640662444e-01 
4.55091690772702e-01 
8.10737252428633e-02 
8.51122400923855e-01 
5.62048676523889e-01 
3.19296296395234e-01 
3.74899261447600e-01 
8.67795697911622e-01 
3.72176240119196e-01 
7.36900556748079e-02 
1.99837995708140e-01 
4.94932796636859e-02 
5.66709779123709e-01 
1.21924749845428e-01 
5.22111763562156e-01 
1.17060152332997e-01 
7.69918477583664e-01 
3.75055796659694e-01 
8.23387203650267e-01 
4.66361455231600e-02 
5.97913261605123e-01 
9.49150394490437e-01 
2.88797652768865e-01 
8.88832610299780e-01 
1.01585478112752e-01 
6.53145066904843e-02 
2.34299733307151e-01 
9.33098418448433e-01 
6.31278959521548e-02 
2.64217663727151e-01 
9.99531674266248e-01 
2.11987962515320e-01 
4.98409798563427e-01 
2.90488295227955e-01 
6.72754410925013e-01 
9.57991119905196e-01 
7.66551534435494e-01 
6.66123737738702e-01 
1.30944822099005e-01 
9.54130164765325e-02 
1.48643374635186e-02 
2.88193345589083e-01 
8.16731213436706e-01 
9.85483509851165e-01 
1.73626930377382e-02 
8.19392932342167e-01 
6.21138705788218e-01 
5.60222040962927e-01 
2.44031534002524e-01 
8.22007588487061e-01 
2.63211927957289e-01 
7.53634534385672e-01 
6.59644798806936e-01 
2.14062855850914e-01 
6.02116908291734e-01 
6.04937110052963e-01 
6.59501548165239e-01 
1.83363632504400e-01 
6.36546905328226e-01 
1.70309110130609e-01 
5.39601105872983e-01 
6.23394182544246e-01 
6.85889973240760e-01 
6.77345952704746e-01 
8.76830024193601e-01 
1.28905002243313e-02 
3.10402226067417e-01 
7.79079247486771e-01 
3.07296084921685e-01 
9.26678310638313e-01 
6.78719875854430e-01 
7.43214928845079e-02 
7.06691913508720e-02 
1.19304666852101e-02 
2.27153715051343e-01 
5.16251996919682e-01 
4.58204215329398e-01 
7.03203338253984e-01 
5.82483875016195e-01 
5.09206001814560e-01 
7.42896090940816e-02 
1.93236313623931e-01 
3.79604133334629e-01 
2.76434720502298e-01 
7.70881836233544e-01 
3.13929990003069e-01 
6.38193219108748e-01 
9.86566864100911e-01 
5.02875803584045e-01 
9.47703376802140e-01 
8.28025841805921e-01 
9.17557203219057e-01 
1.13079829125944e-01 
8.12125906059047e-01 
9.08262563106746e-01 
1.56376119392423e-01 
1.22118766673346e-01 
7.62666469762766e-01 
7.21800284516758e-01 
6.51639816588730e-01 
7.54022665853817e-01 
6.63162007847106e-01 
8.83493501892774e-01 
2.72157436384127e-01 
4.19432715562144e-01 
2.12993658892489e-01 
3.55999670519594e-02 
8.11637040907849e-02 
8.50566783245386e-01 
3.40203447292727e-01 
4.66154978220119e-01 
9.13763239736977e-01 
2.28576705852136e-01 
8.62044900149841e-01 
6.56618535675881e-01 
8.91182802445902e-01 
4.88143518239953e-01 
9.92645646680508e-01 
3.73325940544335e-01 
5.31378317841053e-01 
1.81316328870695e-01 
5.01944335185804e-01 
4.22194827399998e-01 
6.60427399523770e-01 
6.73653011144739e-01 
9.57330182903265e-01 
1.91865745705490e-01 
1.11216438227127e-01 
5.65053870854726e-01 
9.69166272442528e-01 
2.37438708793006e-02 
8.70215822044218e-01 
2.68765927761951e-02 
5.19528688374866e-01 
1.92291420677882e-01 
7.15689046757522e-01 
2.50672781288177e-01 
9.33864815800363e-01 
1.37189312536815e-01 
5.21622339196487e-01 
8.95201690435056e-01 
9.42387254380484e-01 
3.35083378714705e-01 
4.37363823680908e-01 
4.71155909206582e-01 
1.49310335512424e-01 
1.35864394182234e-01 
5.32498230143112e-01 
7.25789309429985e-01 
3.98703051314405e-01 
3.58418516017086e-01 
2.85279412169507e-01 
8.68635244034972e-01 
6.26412674637610e-01 
2.41172308517751e-01 
9.78081652980996e-01 
6.40500780043853e-01 
2.29848647422741e-01 
6.81335154963332e-01 
6.65823408501191e-01 
1.34717973817782e-01 
2.24932934140211e-02 
2.62199449361611e-01 
1.16515159614630e-01 
6.93182378987557e-02 
8.52930497630651e-01 
1.80330672571230e-01 
3.24185644135039e-02 
7.33926256951666e-01 
5.36516822738344e-01 
2.76029663419571e-01 
3.68458153201893e-01 
1.28863055802641e-02 
8.89206084456777e-01 
8.66020601972959e-01 
2.54246934623673e-01 
5.69480596700063e-01 
1.59264818066197e-01 
5.94364416206726e-01 
3.31100081139575e-01 
6.58612653987946e-01 
8.63634218123740e-01 
5.67623313866353e-01 
9.80481274545842e-01 
7.91831602335894e-01 
1.52593622041603e-01 
8.33027232931346e-01 
1.91863264453436e-01 
6.38986567877754e-01 
6.69000079310143e-01 
7.72087799943110e-01 
3.79817749631686e-01 
4.41585485349078e-01 
4.83059993592853e-01 
6.08105656446658e-01 
1.75995641336540e-01 
2.02556098425048e-03 
7.90224002177759e-01 
5.13608501661140e-01 
2.13229376508199e-01 
1.03449795964343e-01 
1.57336665897913e-01 
4.07514980089251e-01 
4.07757021956663e-01 
5.26926876879721e-02 
9.41815149857109e-01 
1.49971684151172e-01 
3.84374046162991e-01 
3.11058559097371e-01 
1.68534443080539e-01 
8.96648146154406e-01 
3.22724431505370e-01 
7.33996316816122e-01 
4.10904182424295e-01 
3.99793845653214e-01 
5.05522207305133e-01 
1.69305859094280e-01 
5.24745490242176e-01 
6.41202663333615e-01 
1.61974839744050e-02 
8.36851555816479e-01 
8.03462187760650e-01 
6.97784830207876e-01 
4.61887781587697e-01 
8.26126178964882e-02 
8.20717008721556e-01 
1.93020017859560e-01 
4.45354728177969e-01 
1.29578295465062e-02 
3.08741796622732e-01 
8.75350983070032e-01 
8.35259398691574e-01 
3.33095067420839e-01 
8.80705331839906e-01 
4.79686805688419e-01 
5.60816727775426e-01 
6.15908655502732e-01 
6.61899014926864e-01 
6.16633234979425e-01 
6.85140000225865e-01 
5.10153027042979e-01 
7.13960844534925e-01 
5.15207899473062e-01 
6.05865794160403e-01 
9.66702629653798e-01 
8.22117401763392e-01 
3.17750679439924e-01 
5.87696771996040e-01 
1.30201671489226e-01 
2.54354257020022e-01 
8.03030898259511e-01 
6.67845893738513e-01 
